88 89 0
102 103 1
118 119 0
122 123 1
136 137 6
163 164 1
167 168 0
203 204 0
211 212 5
219 220 0
277 278 0
338 339 0
350 351 0
354 355 4
386 387 0
414 415 1
541 542 0
596 597 4
603 604 1
637 638 8
665 666 5
674 278 0
684 685 3
737 738 6
739 172 5
757 758 0
769 770 0
796 178 0
818 819 1
840 841 6
282 896 0
940 278 0
962 963 1
1075 1076 1
1094 1095 0
1116 1117 1
1122 1123 9
1202 1203 1
1226 1227 4
1254 1255 6
1269 1270 1
1325 1326 2
1364 1365 0
1379 1380 0
1393 178 0
415 414 1
1405 1406 0
925 1415 1
1443 1444 0
1474 1475 1
1561 1562 0
1589 1590 0
1602 1603 1
1630 1631 4
1667 1668 0
1674 1675 3
1689 1690 0
1755 351 0
1808 666 5
1817 1818 6
135 1819 5
1842 1182 4
1855 1856 0
1868 1668 0
181 1880 0
1912 1913 6
1961 1962 1
1972 1973 0
1976 1977 1
1992 1993 1
2029 2030 1
647 2035 0
2049 2050 1
637 2080 6
2083 2084 1
2098 2099 0
2109 2110 0
2035 1012 1
2138 2139 5
2162 1474 1
2181 2182 4
637 786 8
2211 2212 6
2226 2110 0
2274 2275 0
2374 2375 0
2380 2381 6
2398 2399 1
2443 2444 1
2451 2110 0
2452 2453 0
2506 2507 0
2573 2574 0
2623 2624 0
2633 2634 0
2643 2644 5
2713 2714 6
2722 2723 0
2507 2082 1
2732 494 0
2757 2758 1
2779 2780 0
1316 2783 1
2795 2796 0
2812 2813 1
2907 1095 0
2937 2938 0
2944 2945 9
1444 1852 1
2948 2949 1
2956 2957 4
2975 1222 0
3005 3006 1
3018 3019 1
3020 1326 2
3040 3041 0
3067 3068 1
3072 3073 1
3096 3097 4
3103 3104 1
1474 2162 1
3129 3130 0
3134 3135 0
2450 1819 5
3136 3137 1
3140 3141 0
3153 3154 0
3166 3167 1
3190 351 0
3192 1326 2
3228 3229 0
3233 3234 1
3300 3301 1
3302 278 0
1906 1880 0
3339 2110 0
3386 3387 0
3410 3411 0
3431 3068 1
3452 3453 1
3462 1668 0
3548 3549 0
3552 239 0
3567 2978 5
3568 2110 0
3579 3580 1
595 2275 0
3647 3648 1
3651 278 0
3710 1973 0
3711 3712 0
3720 3721 0
3724 2275 0
3729 3730 1
3754 3755 0
3762 3763 0
3804 351 0
2714 3834 6
3839 2035 1
3848 1326 0
3866 3867 4
3901 228 0
3908 3909 0
3925 3926 3
3942 3943 2
3947 3948 1
3968 3969 0
3975 3976 1
3664 2110 0
1750 3991 0
4094 4095 1
4098 4099 0
4107 1326 2
3198 4123 0
4131 4132 0
4145 4146 1
1821 4227 6
4236 89 9
4293 278 0
4320 1819 5
2139 1629 0
3236 4385 1
4392 4393 1
4408 3141 0
1226 4414 4
2443 1058 1
4465 1562 0
2228 4469 1
2817 4491 0
55 4522 0
4523 4524 1
4532 2497 0
4549 4550 0
4553 4554 5
4577 351 0
4593 4594 1
4602 4132 0
4607 4608 0
4657 1365 0
4663 4664 1
4697 3857 1
4703 278 0
3925 4732 3
4747 3149 5
4524 4523 1
4764 4765 1
4766 4338 0
4779 4367 0
4799 4800 1
4845 3978 0
4882 3943 2
4920 4921 0
512 4929 4
4933 4934 1
4943 1474 0
4981 4982 9
4985 4986 0
4990 4991 4
5040 172 5
5046 5047 0
5054 2110 0
3761 5055 1
5096 5097 0
5112 212 5
5124 5125 2
1167 5134 6
5144 5145 4
5163 141 0
5192 5193 1
5194 5195 0
2381 5200 6
5202 5203 0
5218 3620 2
5240 5241 1
5283 278 0
5300 5301 0
5309 5310 0
5313 5314 0
5315 5316 1
5348 3004 0
5031 5363 5
2574 5381 1
2601 5394 1
5406 5407 5
4921 5429 1
5433 5434 1
5460 5167 5
5463 1431 4
5466 5130 1
5536 5537 0
5557 5558 1
5576 5577 0
3229 5591 1
5636 4222 1
5643 5644 0
5706 5707 1
5745 5746 0
5766 278 0
5822 4550 0
4024 5892 0
5907 5908 0
4584 5927 1
5965 5966 3
5974 5975 1
6045 1973 0
6049 278 0
6053 2099 0
6067 4724 0
6094 6095 5
6107 6108 0
6137 6138 0
6145 4550 0
6150 6151 0
6165 6166 1
6190 6191 9
6192 6190 1
6203 6204 1
2380 1326 2
6248 89 0
6308 4554 5
6316 6317 1
6351 212 5
6353 6354 0
6356 6138 0
6373 6374 1
6394 4550 0
6410 6411 0
6493 2978 5
6498 6499 0
3866 1027 0
3948 3947 1
89 6519 1
1621 2099 0
6542 1295 0
1173 6546 1
2714 6568 8
6612 3908 1
6622 3141 0
1117 1116 1
6676 6677 1
1059 2443 9
6727 6728 1
6731 351 0
6765 6766 0
6776 6777 0
6782 6783 0
6789 2081 1
6793 6794 0
5176 6813 1
6819 278 0
6838 666 5
5622 6879 1
6916 6388 1
6944 2449 1
7036 7037 0
2624 7047 0
7072 7073 1
7086 7087 1
7090 7091 4
7117 7118 9
7130 7131 0
7135 7136 1
7141 2110 0
7168 3504 1
7200 278 0
6363 3130 0
1289 6138 0
785 7231 8
7241 3219 0
4305 7245 0
7246 278 0
7090 7253 4
7274 7275 0
5463 7276 4
7283 7284 1
3096 2518 0
7297 4132 0
7309 2110 0
4227 7316 6
4146 7331 9
7340 5040 2
7398 2110 0
6423 4523 0
7457 6411 0
7530 3174 1
3068 7557 1
7588 7589 0
7591 4550 0
7394 7592 0
7605 7606 1
7642 2110 0
7643 7644 1
7645 7646 4
7665 7666 4
3709 4764 1
7694 7695 1
7707 7708 1
7721 7722 6
7731 7732 0
7750 7751 0
7754 7755 0
2484 2139 5
7800 2643 1
6752 7803 1
7837 4550 0
7847 7848 1
7850 5407 5
1333 7911 1
2201 7935 1
7940 2110 0
7944 7945 1
1765 7946 1
7947 7948 1
2050 5596 1
3314 3925 0
5927 4584 1
7995 7996 1
8026 8027 1
8028 119 0
8039 8040 1
8045 4550 0
8060 8061 0
8089 3154 1
8094 8095 1
2055 8192 0
2181 8196 6
137 8233 0
8238 3943 2
8239 8240 0
1690 8262 1
4971 3620 2
8285 8286 0
2449 6944 1
8306 499 2
8322 8323 0
2881 8334 6
8335 8336 6
8341 1562 0
8342 278 0
7136 4379 0
8407 8408 1
8412 3289 0
8448 3018 1
854 8487 1
8496 1009 1
8504 1675 3
8511 8512 1
8513 1668 0
5407 8520 1
8552 2110 0
8554 6166 5
1058 2443 1
2714 8577 6
8582 3117 1
843 8597 1
7090 8616 4
2243 4990 0
8640 8641 1
8650 8651 1
8690 2110 0
4261 7516 1
8726 8727 1
3616 1973 0
8754 7921 1
5839 5607 1
8786 8787 0
8799 8800 1
5179 8285 5
8803 865 1
8384 8811 0
8812 85 0
8837 8838 1
8880 3721 0
8909 2110 0
8946 3552 0
8973 3918 5
4146 4145 1
1031 9026 0
9033 963 3
9037 9038 1
9046 3006 0
2050 2049 1
3160 9048 0
2458 3041 0
9065 3978 0
9078 5032 1
7073 7072 1
9102 9103 2
5974 9132 9
9142 9143 1
9148 6107 1
5706 9153 1
1247 7751 0
9180 9181 1
9216 9217 0
3969 2902 1
9237 7072 1
9243 5676 6
9266 9267 1
9268 469 0
9269 9270 0
9288 4550 0
9300 666 5
9304 1973 0
3069 9320 4
9344 3943 2
9347 351 0
9370 9371 1
9372 3293 5
9407 2110 0
9415 9416 1
9418 9419 1
9449 9450 2
9501 9502 3
9551 3976 0
637 9552 6
9558 9559 1
9560 7592 1
9578 9579 1
9612 2732 0
8508 5348 2
9652 278 0
7803 6752 1
9719 2518 0
9720 4446 1
9723 1222 0
6023 1474 0
9742 3167 2
9756 9757 0
1913 9765 6
9777 7751 0
3866 9784 4
3978 8741 1
9817 278 0
1856 9860 1
8024 9873 0
9888 9889 0
9892 4550 0
9896 6166 5
9908 7158 0
1976 9926 1
9963 9269 4
9999 278 0
10002 278 0
10058 10059 0
1046 10063 7
9142 10064 0
10085 10086 1
10092 204 1
4491 10102 1
10147 3130 1
963 10156 1
10160 10161 1
10165 1590 0
3559 8336 4
7090 7227 4
10204 10205 1
10210 10211 0
10253 10254 1
10261 1326 2
3729 10268 1
5944 10270 6
10275 10276 1
6190 6192 1
6794 10304 1
3929 2716 1
10318 10319 4
4522 10345 1
10350 2643 1
10359 10360 1
10319 3002 4
10375 278 0
10383 10384 4
9243 10401 6
10420 10421 1
193 10504 6
10505 10506 4
10532 10533 3
10104 9684 0
10558 10559 1
3552 8855 1
10574 10575 6
10599 204 0
7644 10603 3
10633 3141 0
8077 9415 0
648 3567 5
10684 1406 0
10693 2574 0
10697 3721 0
10713 39 0
6191 6190 9
637 10741 8
10746 3943 2
10765 1365 0
7589 10793 1
10836 3606 0
10840 3141 0
10851 10852 1
7277 8582 1
10883 10884 1
943 10922 1
5889 10925 1
403 6166 0
10940 351 0
2499 9415 0
10966 10967 9
10968 2110 0
10979 1973 0
10544 10987 2
10988 122 1
11007 10314 3
11015 4477 1
11021 351 0
11035 8597 0
11053 6411 0
2657 7425 1
11111 5314 0
11156 11157 5
11211 11212 1
11224 2212 0
11235 11236 1
2030 3555 1
9243 11244 6
11289 4469 1
8754 11316 1
11332 11333 0
11336 3620 2
630 11354 1
11370 4663 0
11379 1444 0
11398 11399 0
11408 2110 0
11423 11424 1
637 9162 6
11434 5407 5
11449 11450 2
122 4260 1
11469 1095 0
11492 7656 1
10504 11493 6
5619 11499 1
11500 11501 8
4423 11510 5
11522 11523 1
11530 4550 0
11542 3620 2
11543 278 0
2409 11573 9
7530 7266 0
11630 1979 0
11655 2212 0
11656 11657 1
11671 2723 0
11678 278 0
7090 11698 4
2030 2029 1
220 11735 1
11754 3929 0
11761 11762 10
4132 4365 0
1434 4990 0
7486 11884 1
637 11901 6
5134 11942 6
1226 11950 4
11953 4550 0
7143 11971 1
11972 6405 0
819 818 1
11995 11996 6
12006 1088 1
7405 178 0
3229 4642 1
11499 11483 0
12033 3068 0
1920 3866 4
6794 12052 1
12055 2723 0
12076 2929 1
4594 4593 1
3072 12112 9
12125 3167 2
12141 3556 0
1170 1668 0
12175 2110 0
12177 6728 1
12182 278 0
2956 12189 4
12196 3712 0
12200 12201 4
9428 5097 0
12226 212 1
8010 1444 0
12232 3675 1
12249 12250 5
12265 7751 0
12272 12273 2
9268 12274 1
12285 6166 5
12296 2275 0
10095 12312 1
12363 2099 0
5097 9471 1
12408 1973 0
12466 12467 4
317 1976 1
273 5097 3
11050 12505 0
3862 7086 1
12545 12546 4
10949 2574 1
2714 12572 8
12579 3925 1
12619 1856 0
12636 2951 1
12638 6776 0
580 351 0
3680 12696 1
415 12710 1
12719 12720 0
2507 12741 1
1122 2176 5
12792 12793 10
12798 3579 0
12826 5310 0
1856 12853 1
12777 12866 0
12867 3453 1
1406 12888 0
12904 12905 1
12909 1326 2
12914 3712 0
12915 3929 1
12937 7754 0
12959 6791 1
12976 2732 6
11231 10532 1
12993 2110 0
12999 11761 1
13002 13003 1
9188 9873 0
9757 12984 1
1380 13044 1
13053 239 0
10075 7722 0
5192 13089 1
2723 9787 1
8339 13147 6
13163 3863 1
8500 13171 6
13190 184 0
13191 13192 1
3280 1365 0
13209 1122 1
13213 13214 0
13216 6166 5
13238 3510 1
13257 2732 0
13267 12250 0
13285 1856 1
13305 9968 1
13345 13346 0
1360 3969 1
5081 12921 0
13378 13379 4
5591 3229 1
13390 10253 0
13396 622 5
4940 7945 0
3632 13443 1
13480 1326 2
13496 6166 5
7072 13503 1
13520 13521 4
12466 13524 4
13529 13530 1
10211 7939 1
13589 351 0
13611 13612 0
13634 3041 0
13635 5363 5
1203 1202 1
840 13652 6
2278 12273 2
11656 13687 0
2714 13697 8
13703 278 0
13570 6658 0
13737 3606 0
204 324 0
13779 2110 0
13785 13786 1
13800 12227 1
13828 13829 3
6794 8938 0
13877 13878 1
5636 13895 0
13906 11735 1
13909 6411 0
13950 13951 1
13958 13959 4
3300 13974 1
14001 14002 4
1321 1326 2
3256 14065 0
14074 5745 1
14076 2110 0
14085 11178 1
11225 3135 0
14123 5310 0
1856 14127 1
14127 1856 1
1668 5746 1
14174 1444 0
14178 11178 1
14189 11098 1
2751 1880 0
553 1819 0
14196 1095 0
12784 14212 4
14236 14237 9
12921 1450 1
14251 351 0
3929 12915 1
2181 5199 6
5974 10858 1
167 5409 1
14292 5555 0
14309 3141 0
9302 12579 1
14327 5363 5
14331 351 0
14369 11091 0
4645 1961 1
14405 12273 2
14411 14412 0
10925 5889 1
3510 13238 1
14493 14494 1
14503 3068 0
14524 8787 0
3712 14534 1
14540 14498 0
840 14553 6
12312 14563 1
881 4663 0
14579 11100 0
14609 1326 2
10922 13955 0
14685 2099 0
2657 14707 6
11232 9048 0
4227 14719 6
14733 9415 0
14741 1961 1
14753 239 0
14758 4541 1
14811 14812 0
9302 2500 3
5965 14838 1
7156 6374 3
14852 14853 0
14854 14855 2
14863 14864 0
2714 14869 6
2073 7751 1
12466 14878 4
14892 14893 0
14901 7353 0
10532 14903 3
11184 2624 0
164 14912 1
14917 14918 3
11039 14924 1
5927 14940 1
14947 3901 0
14970 10253 0
14973 14974 3
14983 1076 1
14995 2139 5
14999 2110 0
5558 5557 1
1544 15062 6
1991 1365 0
2706 1365 0
15089 11492 1
6445 5363 1
8727 15101 1
15106 15107 1
3120 3154 0
15140 3567 0
9471 5097 1
2938 412 0
3870 15158 6
15159 13663 0
15174 6813 1
13786 13785 1
15177 15178 4
15180 3721 0
15184 2275 0
7965 1690 0
15216 2110 0
15242 5535 6
15260 1590 0
11651 15264 0
15272 2110 0
15278 351 0
11782 15292 1
15363 15364 0
14854 15389 4
2821 2452 1
4388 15403 4
15406 2110 0
15426 15427 1
15431 15432 0
15455 3721 0
15464 1444 0
11676 2139 1
7935 2200 0
2181 15495 6
15496 15497 0
15538 15539 2
15560 1380 0
15587 15588 1
15600 15601 10
15606 9900 1
15629 7945 0
15639 15472 1
15647 12729 0
5187 10896 1
12246 15656 0
785 15657 8
8995 2275 0
15702 1819 0
15703 13584 0
15719 3167 2
1131 15734 4
15736 15737 1
8571 739 1
15755 3141 0
10406 4550 0
15758 119 0
3096 15445 4
15760 2069 1
2783 12727 0
15793 15794 1
15799 15800 6
2181 12882 6
9485 1444 0
15830 5310 0
7911 10119 0
15866 15867 1
15870 5314 0
7090 15880 4
15906 15907 1
15911 3300 1
15918 7378 0
3130 13853 0
16002 5222 0
16004 16005 0
16022 16023 1
16031 7137 0
16043 2139 5
16049 16050 4
16053 16054 1
16064 278 0
5163 4838 5
8582 7277 1
13080 16130 1
15736 14125 9
16161 3136 1
16176 16177 4
16186 9965 0
16206 16207 1
1961 4645 1
8487 854 1
16279 5812 0
415 3948 1
16346 9408 1
7848 7847 1
16349 1326 2
163 1669 0
15240 3387 0
16397 16398 1
6658 16197 1
300 9142 1
16420 3068 0
11761 16422 1
14292 4620 1
16434 13346 0
16436 16437 1
6354 10569 0
2507 16476 3
16479 2275 0
11857 7136 0
10857 212 5
7947 16505 0
16512 7245 1
3167 1967 1
11997 2139 5
4528 12505 0
8582 16566 1
16578 12720 0
16581 119 0
6138 2176 5
16606 10532 0
14848 11040 1
16655 13059 1
11500 12715 2
16667 2099 0
16668 2297 1
13030 16669 6
8192 16430 0
16682 16683 1
16707 16708 0
7946 11507 0
16732 1414 1
16745 2110 0
14912 16747 1
16748 16749 6
1508 9372 1
16772 4550 0
5553 1880 0
16798 239 0
4469 11289 1
16810 3991 0
16831 7354 0
16865 212 5
11106 3549 0
1038 16899 4
11673 1690 1
16915 3549 0
7558 1474 1
16943 16944 1
16955 16956 0
4548 16980 1
16989 16990 0
17011 17012 3
17020 4933 1
15062 17063 1
4982 17073 1
11891 17090 0
5082 4550 0
17097 2212 0
9124 2723 0
17118 278 0
17123 14973 0
6699 7694 0
17141 17142 1
17148 2582 0
17180 2723 0
17183 2176 5
17197 1326 2
17201 17202 1
17219 3167 2
17226 456 3
17244 16054 0
17249 7241 1
9302 17250 1
2519 1326 2
17265 3453 1
260 5839 0
3233 17285 1
14786 1590 0
9757 17322 1
7104 17345 1
17359 278 0
12741 2507 1
10580 1326 2
17401 17402 1
17404 17405 0
17438 7143 1
17129 10532 9
6951 3006 1
5316 5315 1
4779 1676 1
4896 3096 4
17519 11080 1
1226 16785 4
4244 8754 1
3503 7168 1
17555 5598 0
6813 3480 0
17578 17555 0
840 17612 8
2820 3976 1
9379 2110 0
17683 3085 0
14973 17702 3
17726 1474 1
17730 4523 1
17738 278 0
12513 1415 1
17795 8641 1
17796 6728 1
17814 9397 1
17819 17820 1
951 10253 0
11523 17857 1
3006 4171 1
17877 8787 0
17879 17880 1
17897 1819 5
17927 743 2
17929 17930 2
17932 17933 4
7072 14861 1
17960 17961 4
140 7514 0
17967 2732 6
9268 17968 0
17986 17987 3
17988 1803 1
17991 8838 0
17995 17996 0
5855 17345 1
18001 15432 1
17836 7143 1
18011 473 0
13378 14037 4
6359 18036 1
18037 18038 0
18055 5167 5
18056 10047 0
18058 7589 0
17960 5446 0
18098 18099 1
6916 18100 1
18107 6166 5
3866 18163 4
2303 17202 1
1287 18173 1
8 11656 1
18177 9269 5
5777 18192 4
17142 17141 1
13363 12921 1
1414 18215 1
7067 1973 0
9501 14260 1
7171 3755 0
10873 1122 1
18243 3549 0
12841 18251 1
13951 18253 0
18278 10253 0
18285 9267 0
5550 9048 0
18293 18294 2
3712 18299 1
18315 17991 1
10255 13785 6
12201 18324 4
16944 6752 0
5832 12905 1
3569 9048 0
18355 8201 0
5110 18391 0
3173 8558 1
17202 3017 1
10107 758 1
4616 3006 0
3323 1590 1
2978 14540 1
5378 15292 1
18474 278 0
18475 3929 1
7175 4663 0
16980 10785 1
6032 9558 1
14369 15932 5
4610 18538 1
13378 18556 4
10759 3549 0
12281 18566 0
415 18569 1
18573 18175 1
18587 10110 1
18592 9611 0
18596 3755 0
1285 18633 1
18651 2110 0
8787 2596 6
10916 4563 1
18693 6677 0
1678 18704 7
3544 18729 8
18749 278 0
18773 13187 1
18777 18778 2
8576 3567 5
13970 18783 1
15062 1545 0
18796 1380 1
18804 1326 2
5381 2574 1
18845 9415 0
18847 18848 6
8890 17995 9
11842 18855 5
11570 1326 2
18876 1076 1
15734 18885 4
18933 4030 0
2212 17935 1
4388 18936 4
2714 18939 6
18943 3755 1
18947 7592 1
14208 2099 0
2181 18950 6
18951 18952 4
89 4236 9
2858 2110 4
2930 18961 6
6765 18962 1
10966 18969 1
17995 11374 1
697 18988 1
18994 18995 0
10857 1668 0
13356 9048 0
2783 1933 1
2714 8737 8
19066 19067 6
19101 5167 5
19105 7751 0
2121 19110 6
12466 19122 4
19124 1856 0
10858 5974 1
19131 3167 0
7086 3862 1
2723 17200 1
19159 2139 5
1630 19170 4
19180 11010 6
19184 2099 0
10532 17129 9
654 19190 1
19191 9859 0
5055 4940 0
9082 2723 0
6374 7156 3
19206 7659 1
19209 1326 2
6973 19214 6
18392 1668 0
19066 11360 6
19230 11630 1
19241 3141 0
19256 19257 5
2212 19269 0
19296 8325 0
19317 6725 1
5669 212 5
9683 19354 6
5846 4990 0
15292 2356 1
12466 16717 4
19411 4550 0
19435 4550 0
19444 14864 0
6168 1590 0
19457 7530 0
5195 11790 1
19479 3269 0
15152 19214 0
19488 2060 5
4233 351 0
7072 19507 0
8868 1973 0
16316 1326 0
637 19521 6
19562 19563 1
19569 19570 1
963 9033 3
19589 119 0
19590 9269 5
19592 1991 0
13365 19597 1
14809 278 0
19621 19622 4
19632 19633 0
3972 19654 7
3453 19663 3
6097 1668 0
11995 8921 6
204 12355 1
19690 2110 0
19716 9691 1
6388 6916 1
19765 2643 0
4212 11424 1
19772 3387 0
19774 1326 2
11399 479 0
3858 4697 1
6132 3606 0
1675 11361 3
19869 7143 0
19887 1668 0
3544 15242 6
19894 19895 0
17022 12273 2
11301 7945 0
2773 3567 5
16781 3712 1
6098 8754 1
19951 19952 0
18569 415 1
13528 1668 0
4929 19982 4
4027 12866 0
5636 2546 1
10922 943 1
19993 19994 6
12921 19998 1
20026 1819 0
16049 1027 0
20076 14347 1
11639 20079 6
13702 6190 1
8213 2110 0
20096 2723 0
20097 14699 1
7241 9424 1
16218 7996 0
20102 3978 0
20114 20115 6
18592 20124 1
7694 1461 1
20149 9217 0
10916 20152 1
12466 20156 4
10327 13305 1
12684 8682 0
8348 4469 0
15760 4521 1
15799 20225 6
20226 5729 1
20230 3141 0
12450 12273 2
3130 11199 1
2758 11263 0
20249 16678 1
10320 1380 0
8058 15656 0
18526 6166 0
20284 20285 4
9757 8097 1
20288 9746 6
20302 3549 0
10276 20315 1
20325 2110 0
19390 3703 1
20360 5040 2
14885 1819 5
2645 12466 4
7645 1773 2
9847 10204 3
7890 3901 1
8906 7911 1
20417 3499 1
20423 137 6
20428 16472 1
6369 16708 0
20436 2110 0
20476 9970 0
20492 8641 1
20500 3721 0
10415 685 3
12921 20514 1
6166 6165 1
19251 7589 0
20546 5407 5
212 3276 5
15159 1890 1
20570 184 0
7912 5433 1
15948 1326 2
5241 4541 0
19866 20621 0
9184 4227 6
20632 20633 0
20640 20641 0
20656 2411 0
2822 178 0
20663 1912 0
7516 10421 1
20670 15656 0
4929 20696 4
20705 622 0
6411 3624 0
16192 9181 1
1590 3323 1
13059 16655 1
4933 2360 1
20749 7514 0
450 20750 4
16288 122 0
2399 2398 1
20759 20760 0
3096 9278 4
20767 20768 1
5262 3620 2
16109 7947 9
20788 604 1
9142 724 1
6658 20790 1
1549 14973 0
17405 3464 1
685 10415 3
11726 604 0
2714 7431 6
12158 6190 0
15561 11995 0
17476 20914 1
7592 12325 1
5110 20963 1
9450 9747 0
7650 13612 1
14855 1326 0
3135 7793 1
21016 1474 0
8432 1973 1
21051 3579 0
21055 9758 0
18633 1677 0
21082 278 0
21089 2110 0
13378 7251 4
21104 5636 1
3072 21115 1
21116 18036 1
4813 21124 0
21129 2110 0
17998 2507 1
8404 9048 0
17683 1911 4
6789 21185 1
18795 4550 0
13110 2574 0
21224 3620 2
13346 21230 1
21238 3929 0
17880 3378 0
21252 21253 1
17032 18855 5
10713 11033 4
3077 220 0
5394 18481 0
2533 14912 3
1025 5927 1
8198 103 1
21319 4550 0
21111 3154 0
6728 11231 1
16209 5310 0
7911 8906 1
21387 10059 0
7371 2139 5
21399 6657 1
21403 20760 0
7716 21406 0
21412 2110 0
21414 1326 2
18049 6166 5
21419 351 0
9370 10272 1
9797 351 0
21485 7514 1
16744 758 0
20635 1326 2
21524 1062 0
1027 4990 0
19214 1351 6
4318 21594 2
21619 17498 1
21629 21630 0
21639 17405 0
20288 1253 6
11040 9952 1
4764 21665 1
21678 8285 0
18957 2110 0
17517 11332 1
21699 14917 1
21346 666 5
7486 21707 1
21709 220 0
14617 119 0
21723 3620 2
21726 13951 1
21736 21737 0
1453 6166 5
21749 17044 1
21753 830 1
19094 351 0
20890 1717 1
2086 17927 6
21817 21818 0
2035 3044 1
21843 278 0
12466 21915 4
3712 3614 1
21931 2110 0
3439 13951 0
13764 4550 0
15391 4663 1
21975 2275 0
21986 21987 0
5909 17988 0
9181 16192 1
22013 13612 0
13887 22044 1
7644 7643 1
12466 22070 4
7659 19206 1
22078 17405 0
18587 22082 1
22097 3410 0
3925 2500 3
9199 1668 0
7174 11039 0
22102 351 0
16334 10204 0
22108 2507 1
512 22121 4
2507 13259 1
10222 22133 4
12466 22139 4
9217 7262 1
3015 22182 1
13305 22187 1
22189 22190 1
6788 15303 0
22197 6166 5
2309 22210 0
21513 415 1
22220 2110 0
11170 7589 0
22245 22246 0
22271 1973 0
22294 22295 1
5114 1819 5
18159 22306 1
18215 22308 1
22319 8061 0
22320 121 2
2902 3969 1
22331 1880 0
10130 14347 0
18877 22355 1
12872 12921 0
22357 3721 0
22364 1326 2
1717 20890 1
13958 22397 4
10490 8787 0
22404 7731 1
22405 11399 0
2050 16392 0
22424 18778 2
22438 22439 0
3904 1668 0
22444 9844 0
840 22472 8
22476 19950 0
22477 16973 1
637 13166 6
10532 22500 3
22504 12760 5
22506 20097 1
22507 4318 6
1690 22509 1
18099 18098 1
2035 3839 1
4743 12720 6
10289 4469 0
22543 6530 1
22544 16668 0
15690 2574 0
22565 18159 1
1076 7409 1
7314 1116 1
10211 6417 1
22574 4491 0
8803 14491 0
122 15469 1
22625 1095 0
2858 18933 4
22653 22654 6
22661 1326 2
22670 351 0
16005 7149 0
4324 351 0
17762 13002 1
10319 22725 4
3154 8089 1
18830 2110 0
10319 2353 4
21638 6658 0
5616 4523 1
7947 22773 1
22785 15462 1
21630 747 0
16129 1444 0
21448 17141 1
6696 21295 1
22826 212 5
22841 18855 5
1602 425 0
12466 22868 4
22872 22873 1
7086 14226 1
13429 7722 0
4663 3489 0
5429 4921 1
22927 2859 0
18098 22938 1
22947 8651 3
12905 313 0
14065 228 0
22956 2507 0
637 22967 4
20994 1444 0
11039 20643 1
21115 3072 1
840 22985 8
1326 23001 0
23002 3018 1
15906 23007 1
23008 6095 0
1122 2918 0
23034 23035 0
23038 2110 0
637 23046 6
12599 4550 0
5942 278 0
329 7754 0
23068 22880 0
23125 21987 0
5829 22873 1
23138 23139 4
23158 184 0
8641 20815 1
13002 23190 1
23192 834 0
12006 17604 0
5146 3141 0
3072 17453 1
9424 7241 1
23227 5407 5
2297 16668 1
637 23236 6
23248 15656 0
3640 3410 0
14692 278 0
23301 11263 1
18605 3620 2
9048 13336 1
23314 119 0
23321 3141 0
18573 17493 0
15836 13267 0
23122 3141 0
9501 4338 0
18215 13991 0
11500 11253 6
1415 233 1
8137 11656 1
112 18192 6
23376 1226 0
1803 17988 1
18299 3712 1
23400 21406 1
12636 5421 0
2716 3929 1
22187 13305 1
23428 19570 1
13878 23431 1
9144 8285 5
11788 1973 0
7996 7995 1
23500 23501 1
22509 1690 1
3961 3141 0
23513 7086 1
23526 23527 1
23551 23552 1
23571 121 2
9032 278 0
17202 17201 1
23592 14189 1
17895 2723 0
23636 2110 0
22005 23637 1
20682 1668 0
14236 8556 1
10319 23663 4
18783 20717 0
11361 20520 1
23700 23701 1
15799 23711 6
8890 3947 1
23736 1668 0
23737 6138 0
16427 351 0
16874 2275 0
23758 23759 9
3300 23763 1
1046 6354 7
22173 3712 0
5069 17630 1
1690 8389 1
23786 3660 0
11759 23795 6
23820 15607 6
1630 15549 4
23829 23830 0
18737 3978 9
963 23346 3
15953 6677 0
9579 9578 1
17578 3300 1
18573 23872 1
5861 23886 1
10883 23870 1
2181 23902 6
13443 4864 0
23938 9078 1
2723 23955 3
13199 1690 1
23985 278 0
10655 5974 1
24010 24011 0
17740 2139 5
4149 4550 0
24036 24037 0
5537 24042 1
12905 12904 1
24066 3947 0
12312 6014 5
24084 4550 0
24086 278 0
17478 2624 0
24094 10826 1
20944 24134 1
24141 24142 1
15754 3943 2
24150 4608 0
22190 12236 1
12031 23062 1
21030 9415 0
1602 24176 1
21832 11354 0
19109 3579 0
23743 20684 4
17586 8582 1
24216 2507 0
24219 9269 5
24224 22477 1
11995 19061 6
14235 204 1
1380 20168 9
9148 24275 0
24279 6138 0
8714 3648 1
5620 1668 0
15794 15793 1
3174 7530 1
24350 2110 0
8193 18294 1
24356 278 0
2181 15147 2
24364 5363 5
4212 18294 1
9243 5675 6
16678 1945 0
24414 22785 0
637 19402 6
23443 3167 1
24421 7589 0
14538 1076 1
24430 3273 1
13740 11573 1
1226 4735 4
24450 1973 0
24468 5167 0
10733 24469 1
12636 24473 1
21296 24498 0
24512 14773 0
24534 24535 1
7701 3943 2
20953 1326 2
18231 2723 0
637 24565 8
24570 9349 1
14540 2978 5
24577 24578 1
637 24581 6
7086 24597 1
2181 24599 6
13695 22210 0
4260 122 1
6378 3721 0
17446 2507 9
10506 14076 4
13640 2723 0
24621 2404 5
24622 24623 1
24636 3683 1
24012 12273 2
24651 24652 1
1479 278 0
24664 1326 2
24675 6776 5
24676 22477 1
10319 24678 4
24682 3620 2
1414 16732 1
24076 3579 0
3772 278 0
15133 10360 0
1403 2139 5
24724 12236 1
5433 3161 0
24741 3721 0
13803 5203 0
14658 119 0
24757 7751 0
19308 5363 5
19640 10922 0
9952 11040 1
5407 24774 0
24141 251 0
24778 16346 0
840 24784 8
17826 2187 1
24786 4550 0
24788 12636 1
17200 2723 1
24821 351 0
24824 3579 0
11761 11231 0
24826 1973 0
11040 23980 1
685 684 3
21744 4764 1
24838 4554 5
3327 2723 1
24763 24430 0
14226 7086 1
2714 24857 6
24859 24512 1
7922 24884 4
24888 1973 0
6112 1856 0
19857 2139 0
5965 24900 3
14955 4779 1
19562 411 0
24913 12250 5
3587 5363 5
12235 9048 0
6027 278 0
12609 3141 0
11790 5195 1
24952 5167 5
7143 17836 1
840 1938 2
11656 11074 1
24964 2110 0
7315 15497 0
23745 3167 1
21987 1530 5
24985 1444 0
9639 11761 1
25020 119 0
2444 2443 1
25045 1444 0
5534 9450 2
2173 25046 6
18985 6658 0
8641 8640 1
20790 6658 1
22873 20885 1
23552 23551 1
3487 666 5
25109 172 5
14360 4550 0
25128 25129 0
10208 10204 1
19311 25140 0
11981 2723 0
19619 1590 0
3976 2820 1
1166 9415 9
25194 8978 0
16301 16668 1
25200 3620 2
5203 12923 1
22355 18877 1
6430 13800 1
7248 18159 1
25230 6794 1
25234 163 0
20338 1326 2
16075 15497 0
19609 4550 0
25269 2110 0
25270 803 1
3926 25276 1
25290 2110 0
25293 1380 1
16471 4663 0
24622 8271 1
14853 10628 6
22938 18098 1
25314 3141 0
16151 3453 0
23285 1326 2
25353 4550 0
25354 2139 5
9423 7241 1
18085 4766 1
18866 351 0
8 19206 0
25398 11018 0
8641 20492 1
17017 2099 0
12069 1819 1
8823 351 0
4934 4933 1
18073 1474 0
25493 10160 1
14347 1333 0
8589 25494 1
2181 19549 6
25496 25497 0
25501 22873 1
25513 25514 6
2859 4990 0
25537 22210 0
5576 17928 1
4523 17730 1
21611 6166 5
8643 7117 1
23235 10360 1
3006 5178 0
653 17819 1
15391 3978 0
8153 10925 1
25626 21061 1
18951 25638 4
5957 14065 1
11724 25660 1
16668 16301 1
2714 1773 2
24237 1326 2
25316 21630 1
3068 2918 0
5216 7935 0
24621 19017 2
7187 7945 0
20830 604 1
25721 278 0
1630 23979 4
10198 15292 3
7117 25743 1
25750 2099 0
4929 23377 4
25760 2949 0
10232 9450 2
25766 8884 1
25767 2110 0
25770 16708 0
6502 3167 1
24343 23700 1
18773 6559 1
3648 8714 1
13238 8205 1
18036 6359 1
4469 6702 1
20593 25852 1
25854 7592 1
24886 5314 0
14493 25874 1
23130 2657 0
7086 162 1
4093 20832 1
25910 2723 0
6827 351 0
20948 6765 1
5832 4132 0
5631 18538 1
25941 25942 0
25957 2110 0
11179 1076 0
25966 4304 0
13298 2723 0
25975 12636 1
3433 10253 0
6319 6107 1
2714 25987 6
25993 10557 0
25998 25999 0
2714 2768 8
4328 3978 1
17345 7104 1
12767 12273 2
4288 26041 1
7118 7117 9
6879 5622 1
3041 26063 0
1704 1326 2
26088 8651 1
16398 16397 1
23462 26097 1
8582 17586 1
7425 2657 1
15522 4990 0
26122 18841 4
26139 11157 1
9831 278 0
9868 14893 4
5241 14419 3
26155 278 0
11424 4212 1
21352 16668 0
4642 3229 1
26204 3755 0
5130 5466 1
12907 5407 5
8496 1008 1
22308 18215 1
2714 26226 8
24141 2209 1
8322 15965 1
19562 10026 1
1732 1326 2
16820 7665 4
232 26283 6
10107 1819 5
2520 12273 2
26298 14812 0
26308 26309 0
11573 13740 1
20301 2110 0
20914 9433 1
5726 10204 0
26360 896 0
26363 2110 0
16241 542 0
13305 26370 1
461 26372 1
26392 5407 5
4954 3130 1
26416 26417 1
526 26422 3
20623 2110 0
17121 6728 1
26436 15656 0
23947 1819 5
9666 3549 0
26468 3978 0
2714 26477 6
769 20572 0
20592 25852 6
19110 11487 6
18100 6916 1
15604 1668 0
15588 25865 1
6622 9683 4
12879 351 0
13800 11567 5
26533 351 0
1361 178 0
10978 8641 0
14663 2139 5
26550 26551 1
17987 16357 1
1675 1674 3
2813 2812 1
19066 12882 6
3555 2030 1
26577 4550 0
17463 1326 2
8999 26578 1
26582 2099 0
19265 14347 0
2779 172 5
20008 3620 2
26613 8724 0
8663 212 5
26640 15656 0
12466 26641 4
2624 26643 4
5208 1880 0
26677 12732 1
8004 26678 0
26699 278 0
26701 17654 0
26704 20372 4
5856 4469 0
6996 3908 0
22841 16944 0
26718 948 1
26122 26735 4
26737 1326 2
26526 4523 0
15867 15866 1
7353 1668 0
1913 5653 0
14838 5965 1
22082 18587 1
26802 7031 1
8271 24622 1
10253 608 0
26833 278 0
7840 278 0
26843 4132 0
19563 19562 1
26855 26856 1
19726 3978 0
11703 7514 0
3947 26879 1
17987 16062 1
3683 24636 1
26884 2110 0
26765 2723 0
10547 8787 0
3163 4990 0
26913 1590 0
18538 3024 0
26922 18251 0
12466 10381 4
637 26930 8
23743 26934 4
4651 1122 1
9243 13822 0
26961 1326 2
17960 26972 4
25277 1326 2
15861 3721 0
10564 3135 0
15161 6138 0
15665 2110 0
14912 10409 3
8056 18192 4
26992 3068 1
26998 1973 0
19373 4469 0
27014 12371 0
27027 4550 0
2574 12158 1
6020 1444 0
27065 2231 0
23717 27067 6
27071 1973 0
27076 5097 1
27077 278 0
7993 21737 0
112 637 6
12785 4990 0
23024 21737 0
7143 3512 0
3972 15703 7
1933 16397 1
10357 5125 2
4506 12921 0
27130 7722 0
17012 27131 1
6065 7486 1
6791 12959 1
27146 12862 0
1517 2110 0
27163 15588 1
16437 16436 1
5409 167 1
27179 4550 0
2375 6935 0
26122 1434 0
19676 27194 0
27195 1326 2
27202 4410 0
27263 19257 5
27277 14577 0
23301 2295 5
4171 3006 1
23358 7516 1
7090 19002 4
25395 3929 1
16566 8582 1
6337 4550 0
27322 206 0
8335 1326 2
6980 278 0
26122 21080 4
13001 24275 0
19680 666 5
6658 27359 9
19372 3579 1
1885 1973 0
8592 8641 0
21581 2110 0
6765 20948 1
27405 15760 0
7581 27247 6
27409 542 0
5167 21350 1
5348 16355 1
1690 13199 1
122 22136 1
5777 637 4
27429 8803 1
4181 13346 0
16183 542 0
27442 5125 2
4053 27447 1
4982 4981 9
22920 2275 0
1542 5407 5
1690 15359 1
27473 666 5
3019 7911 0
11995 27292 6
2723 7953 3
27489 3721 0
26802 25297 1
14129 3549 0
15497 4367 0
23913 2110 0
27514 3154 1
2468 1973 0
27528 1326 2
2318 3410 4
27247 11737 0
2011 3072 1
27547 3620 2
3006 3005 1
11500 27515 4
27575 25349 1
11630 27583 1
16710 13829 1
3068 3067 1
27591 1326 2
14249 278 0
3167 23745 1
5712 2938 0
23462 27609 1
27612 7656 0
26443 7644 3
17457 4921 1
27640 18855 5
3107 1690 0
19459 13984 0
13671 2644 5
27666 1328 0
7187 13785 6
296 4990 0
27683 17719 0
16508 3929 1
9638 9048 0
6690 27696 1
15389 3620 2
27709 2723 0
10319 16997 4
22794 278 0
6544 15656 0
14753 27720 1
27728 5125 2
27731 27732 0
27733 4550 0
27738 2139 5
13440 2723 0
17198 13163 1
27748 1406 0
22381 27752 0
6601 1444 0
17439 1474 0
27774 1326 2
17519 27788 1
3301 17555 0
3925 12579 1
3754 5643 1
10532 2756 0
19065 17995 0
24833 12273 2
13002 6690 1
27825 1326 2
27830 14192 0
16669 121 2
27831 2110 0
1415 925 1
27845 5167 5
21952 2110 0
19110 741 2
89 11687 0
27872 2110 0
17587 16956 1
341 7589 1
17358 7722 0
8471 7754 0
27883 278 0
9760 5407 5
5110 11673 1
22772 278 0
5563 351 0
4312 12505 0
27906 27907 1
7262 9217 1
23815 27917 1
19548 2275 0
27927 127 0
13238 27928 1
6546 1173 1
7776 1326 2
18847 16074 6
10276 10275 1
2181 27961 6
27963 27964 4
14189 13887 0
122 27973 0
27989 499 2
13956 4469 1
28004 172 5
28006 4550 0
513 351 0
28008 1973 0
22365 19257 5
6292 5167 0
28026 3721 0
1650 896 1
28036 3167 2
21113 19257 1
24577 2697 1
15413 20633 0
10488 6658 0
2153 3943 2
25165 7514 1
847 2110 0
13003 13002 1
6519 89 1
28070 4550 0
18566 13714 0
22151 7589 0
21230 13346 1
5687 2139 5
12412 18855 5
3068 13450 1
1226 28093 4
12636 15053 1
28101 2574 0
13943 28102 1
10814 278 0
26879 3947 1
3730 3729 1
16711 13829 1
15427 15426 1
23674 17148 0
24275 27148 0
28179 339 0
22924 1380 0
28190 2110 0
16899 184 0
19257 21113 1
13053 1409 5
2507 16918 1
8270 4491 1
10575 3943 2
3469 119 0
5386 1880 0
20236 7589 1
8178 4369 0
6239 351 0
28285 8951 1
1819 3204 0
7298 278 0
28332 28333 0
7592 13505 9
6435 5394 0
28350 739 0
20284 16427 4
21394 2110 0
685 28351 1
28361 7030 0
26663 119 0
21753 18561 0
17641 22927 4
17558 7130 1
28396 3567 5
28399 212 5
28417 28339 1
4653 6530 1
1009 8496 1
28442 1819 5
21448 11040 0
28472 28473 6
24764 22873 0
6581 3978 1
18847 16303 0
17141 21448 1
22264 7935 1
354 26877 4
28501 5167 0
3069 351 4
28506 10241 0
28508 17930 2
1046 14369 0
2714 7518 6
28519 666 5
19656 15906 1
28539 89 0
28540 22044 0
28550 278 0
13404 1590 0
28564 11212 0
28570 19817 0
3948 415 1
28582 4550 0
9037 25610 1
14912 28577 3
8549 2795 0
12230 6166 0
28603 15027 0
28605 9028 0
10818 9842 0
28613 5005 1
28615 1668 0
3414 19649 1
3712 16781 1
15799 28634 6
28636 4550 0
28640 4498 6
24332 28643 4
1953 5348 1
6658 383 9
28661 15656 0
18573 28662 1
28674 28675 1
415 28678 1
28680 2978 5
7161 28685 1
18098 10693 1
23485 351 0
3814 13305 1
11039 19319 1
28700 14893 0
10916 5423 0
7715 14178 9
3167 7204 1
12484 12273 2
28724 1668 0
25192 12720 0
2505 2452 0
4243 1668 0
4550 5198 0
28748 3929 0
11761 28752 1
637 773 8
637 6774 6
119 13001 0
23700 11426 5
25323 278 0
28762 2110 0
13259 6166 0
8394 7945 0
13954 4393 1
5348 1953 1
25096 3006 0
8339 15538 6
19175 1819 5
28802 2633 6
1095 889 0
5927 13135 0
17178 24513 4
27768 6166 5
25194 12777 6
3712 28826 1
24399 5706 0
10086 20013 0
2053 666 5
2749 8040 1
28847 3141 0
7049 7117 1
1783 1819 5
7935 22264 1
15292 11782 1
0 5363 5
11039 18446 1
382 6658 1
3019 3018 1
28902 25943 1
4446 9720 1
3041 13569 1
6916 9301 1
28914 28361 0
2714 20855 6
16655 15897 0
25075 3976 0
19508 28934 1
28936 3068 0
21988 26678 0
9617 351 0
28942 1326 0
28945 6138 0
6728 1677 0
28954 24275 0
3929 6727 1
18235 12720 0
22873 21808 1
13817 604 0
2714 28983 6
20815 8641 1
7665 28990 4
7090 29004 4
2292 1326 2
29014 5407 5
13583 11573 1
13958 29031 4
13378 3162 4
16025 6166 5
10881 3167 0
19187 29053 1
6316 24895 1
5192 24477 1
29076 11235 1
13187 29081 1
8641 11624 9
29093 25129 0
840 29100 6
9873 29103 1
20047 2452 1
17864 278 0
29125 2110 0
26901 1326 0
17928 5576 1
6610 1474 0
22133 23643 4
25782 4550 0
15977 16186 0
29140 4764 1
29144 5363 5
14934 7486 1
887 5125 6
29170 19484 0
29179 4268 0
22723 29184 1
29185 29186 6
8211 29190 1
12232 19078 0
24772 3141 0
29197 8407 1
26677 101 0
12236 24724 1
24456 29207 1
9641 4522 0
29214 4554 5
1116 239 0
637 20247 6
2574 6047 1
22773 7947 1
14796 7945 0
29272 278 0
11084 3606 0
6316 26264 0
22516 3620 2
4933 22319 1
4764 3709 1
29290 1406 0
4699 2110 0
15890 2110 0
29330 3141 0
9150 4550 0
23273 3141 0
13457 22902 0
23820 14661 6
8629 29372 1
22873 29374 0
29379 739 0
29383 2697 1
24535 24534 1
20856 28361 1
15101 8727 1
3033 29407 6
4485 11424 1
23145 3141 0
22270 1668 0
1322 12273 2
1459 9181 1
5305 29442 1
7947 16109 9
29445 2947 1
6401 28603 4
29461 5097 1
23700 7740 0
11424 4485 1
4583 1668 0
29478 938 1
18936 81 0
29486 278 0
29488 2099 1
29489 4550 0
11178 14812 1
29513 1326 2
21911 2110 0
1046 5788 7
29147 1326 2
15009 11015 0
12466 1703 0
6121 1590 0
18098 23618 1
1214 2783 1
29561 278 0
27788 17519 1
7730 1819 5
13505 7592 9
16207 290 0
29581 212 5
7245 11229 1
6727 3929 1
29589 3943 2
29608 29609 1
1054 2783 1
18454 4550 0
29618 278 0
5796 1819 5
29623 15560 1
9142 9153 1
737 9609 6
6728 830 1
29629 29630 6
29641 5097 1
22654 18696 0
1976 1166 0
9416 9415 1
24621 3843 2
2714 29646 8
29661 3721 0
29666 29667 4
3187 15427 1
5175 6813 1
2714 10033 6
27237 4423 1
8697 8192 0
5508 2110 0
28934 129 5
14377 13785 6
22306 18159 1
29732 22210 0
22836 351 0
29271 3943 2
23618 18098 1
22727 11995 0
8628 415 1
10360 14671 1
29803 1942 0
29218 12250 5
29810 4550 0
101 2723 0
29831 119 0
17755 351 0
29857 25660 1
5573 1856 0
3430 2110 0
6310 10276 1
239 9048 1
23414 18036 1
2574 608 0
18783 13970 1
1690 1701 1
5636 21104 1
29893 351 0
29904 5040 0
29907 20641 0
16678 20249 1
17322 9757 1
29925 19597 1
24447 1973 0
7514 21485 1
28449 2099 0
13722 5394 0
15080 6776 5
29971 17141 9
16685 1668 0
23071 17927 6
14631 16956 1
26976 22210 1
29991 542 0
5471 351 0
30007 916 2
18421 2110 0
8311 278 0
30012 3068 0
17405 228 0
2714 30029 8
1226 30031 4
2084 11597 1
3103 20507 1
13824 1880 0
19520 5407 5
5097 29461 1
24095 30076 1
15238 27194 0
30086 1406 0
1842 1929 0
30095 16186 0
10111 6658 0
8556 14236 1
7102 12921 0
26393 3300 1
27019 3130 1
7168 3503 1
17148 4238 1
5927 4391 1
14901 24736 1
30193 30194 0
30201 278 0
30205 1326 0
30207 14347 0
29058 2110 0
20944 2994 1
20248 15427 1
14961 21055 0
21896 351 0
30222 30223 1
18987 1973 1
5018 1973 0
1675 8504 3
7921 8754 1
30247 278 0
7072 30250 1
4671 5407 5
10600 13612 0
3712 5533 0
19875 2624 1
30276 5125 2
30281 9842 0
30282 20226 1
3669 9415 0
6107 9148 1
3041 21707 9
21810 6819 4
30311 6166 5
4663 25958 1
819 4010 1
30331 3943 2
29252 24275 0
11226 7722 0
10868 167 1
7945 7944 1
30361 11813 1
30370 18855 5
14581 25942 4
30379 15656 0
10504 546 6
30383 8412 0
30387 11354 1
28472 24993 1
2677 4522 0
1193 278 0
14493 16071 1
30408 10253 0
12944 20476 1
7516 13633 0
30417 18173 1
2697 24577 1
637 30419 8
30421 4550 0
3432 351 0
19854 278 0
3300 26393 1
30449 5167 0
2714 19939 6
11098 14189 1
17080 11399 0
30466 2110 0
162 7086 1
30496 278 0
6607 11157 5
17988 4121 1
2714 3016 6
15175 7722 0
17345 23351 1
7086 23513 1
7803 3787 0
21707 7486 1
23964 1326 2
16054 24198 0
17814 2497 4
20768 20767 1
18951 30559 4
15 1590 0
16682 30581 1
29903 666 5
15895 5314 0
13671 10350 1
28361 20856 1
5055 3761 1
30613 2545 1
3069 30622 4
10826 24094 1
30632 1590 0
30635 4305 1
4921 6364 1
30650 30651 1
30656 1856 0
24134 20944 1
30661 1326 2
3132 12959 1
17694 3041 0
840 29237 8
12236 22190 1
25908 2110 0
17156 4550 0
9181 9180 1
6315 1668 0
17453 3072 1
3135 9067 0
10047 1973 0
3918 4663 0
30753 7945 0
30756 30757 9
23841 666 5
18098 11075 0
852 2399 3
9809 7751 0
4415 3606 0
8350 1973 0
7793 3135 1
12118 1326 2
13829 30788 3
9924 9217 0
6373 6879 1
7665 965 0
28685 30812 1
7935 30815 1
11354 630 1
30826 17432 1
25359 22873 1
5974 10655 1
30832 23791 0
3069 4550 4
1973 18987 1
8395 1444 0
14261 16279 1
9301 26578 1
12466 14710 4
30861 2275 0
30865 2110 0
9533 1602 0
30650 4442 0
23830 7611 1
30897 2099 0
17499 22737 0
4218 11523 1
12523 19562 1
30912 351 0
30539 5407 5
654 23192 1
2714 30918 6
30921 339 0
30925 10123 1
23431 13878 1
5864 24275 0
30926 1095 0
28685 7161 1
840 22905 8
1116 7314 1
17987 29746 3
30935 19257 5
23007 15906 1
28162 3141 0
12793 12792 10
3116 8837 1
12270 6944 1
13594 896 1
637 30955 8
1226 29474 4
30961 1380 0
14542 1590 0
10360 1361 5
14864 27647 0
10924 3006 0
30987 16186 0
10360 5421 0
30990 1166 0
14924 11039 1
14065 5957 1
31019 2110 0
10360 1055 1
2900 1326 2
31031 10886 0
9097 278 0
9582 14758 0
31071 666 5
11235 29076 1
31080 3453 1
7721 7751 0
8534 3729 0
27014 31084 1
23932 18173 1
31086 2110 0
21253 21252 1
27625 9048 0
3300 15911 1
31097 278 0
31106 121 2
583 3141 0
31111 2110 0
11231 6728 1
3991 228 0
14756 1973 0
16956 31015 0
12416 278 0
21569 24570 1
31152 19731 0
12784 5167 4
25187 5167 5
27098 19257 5
16022 43 0
1226 24277 4
16831 16142 1
467 7722 0
11794 16956 1
10167 2657 0
14064 15588 1
31200 23032 0
29425 3976 0
6032 2723 0
11776 4469 0
24305 2723 0
20663 13751 0
17129 6728 0
12173 13002 1
1226 25060 4
29407 2023 2
17500 31244 0
24941 1226 0
16014 278 0
11711 20832 1
31268 1590 0
6728 22056 1
31286 12250 5
31289 1326 2
19296 1475 1
25506 666 5
12516 13135 0
4800 17523 0
31312 31313 0
15148 351 0
6728 12177 1
31331 14189 1
9522 163 1
31342 8641 9
7963 2275 0
17718 29207 1
604 20830 1
31347 8511 1
3755 31348 1
7731 11577 1
18038 4361 0
31354 1819 5
17294 4550 0
12466 25358 4
31363 3567 5
25297 26802 1
21406 23400 1
4663 15391 1
21839 89 0
18206 5788 0
23887 31376 6
2956 22541 4
637 20059 8
17368 5314 0
31404 31405 1
10558 12745 0
3136 31424 0
14706 212 5
18262 278 0
31433 2088 0
20172 3729 1
16472 20428 1
22713 27752 0
15737 15736 1
19416 351 0
11335 3947 0
17543 7754 9
31481 3167 0
4249 9217 0
17550 2110 0
27244 1326 2
2124 30635 0
103 102 1
31506 119 0
22079 11157 5
1518 3762 0
31534 119 0
7143 17438 1
20097 11870 1
14110 9415 0
10233 31576 4
11865 1326 2
11515 220 0
28705 1444 0
27928 13238 1
31615 20641 0
3549 3123 6
31620 12527 1
212 24555 0
31629 31630 0
3706 13346 4
4800 4799 1
7168 31641 0
22190 22189 1
9946 2110 0
637 698 6
11157 2644 0
9078 9880 0
1690 8390 0
17073 5759 0
21524 20692 1
7516 23358 1
12792 239 0
31687 1095 0
9433 20914 1
18207 7722 0
29692 13443 2
186 7036 0
22136 122 1
15644 2783 1
5558 20861 1
20903 278 0
3925 31729 1
31737 4448 0
31426 7803 1
25477 278 0
31744 351 0
20681 11235 9
16611 119 0
29064 351 0
14417 8582 0
16053 4985 1
4318 31781 8
1076 239 0
30033 2110 0
28603 1301 4
18594 14758 0
7592 18947 1
31801 2110 0
19994 31805 6
23411 2723 0
103 8198 1
31808 2110 0
15560 29623 1
21296 4304 1
4227 6963 6
6048 31832 1
3784 20760 0
31837 4132 0
3072 2011 1
3614 3712 1
31840 3167 0
8335 840 6
10110 17226 1
2949 17983 0
5363 31860 1
19894 31864 6
18638 1819 5
2839 26372 1
13951 13950 1
5628 19654 7
15760 2295 5
14864 863 1
1670 622 6
18688 2507 1
8558 3173 1
31896 11630 1
31897 9037 0
25151 7168 1
30039 2110 0
6107 6319 1
23820 19273 6
7644 26443 3
15170 25270 1
14812 31940 0
14680 7945 0
27577 6776 0
13878 13877 1
220 172 5
6745 31972 0
7361 3141 4
31983 31984 6
24724 11262 1
32005 1326 2
6251 5363 5
28796 278 0
4304 21296 1
25276 22918 1
25284 13829 3
32041 15656 0
2318 1690 1
9984 2110 0
24570 21569 1
11184 10383 4
14221 27014 1
24339 4227 0
14040 18783 0
29436 3978 1
16918 6789 1
21630 25316 1
28619 2443 1
3408 19066 6
13906 172 5
4491 32106 1
4766 28679 1
27911 4981 1
4666 18098 1
19240 2099 0
20190 7036 0
32121 542 0
10001 3712 1
32130 6776 5
9720 7767 1
27816 4550 0
9153 9142 1
5144 27168 1
19957 20288 2
19819 351 0
8496 2152 1
14260 9501 1
32164 32165 4
32170 1415 1
2941 4663 0
5463 14737 0
23743 15119 4
20963 5110 1
9482 29407 6
9142 5707 1
25874 14493 1
8891 19562 0
3579 2589 0
22916 4522 0
30146 2139 5
15430 18192 4
24534 32226 0
18417 3453 1
32241 2110 0
1255 1364 0
8496 10335 0
2484 1690 0
1474 31777 1
7986 12273 2
2949 11259 1
3978 3004 1
32254 5167 0
29598 16655 0
12759 8787 0
32274 15656 0
32275 7149 0
29967 2110 0
16708 1981 5
20633 5959 1
8512 8511 1
14743 16708 0
32295 2574 0
2714 32297 6
18294 608 0
3435 3969 0
7945 1286 0
3567 10196 0
17930 3843 0
27998 3130 0
32319 1819 0
2922 32320 3
14291 2110 0
32323 8935 0
4815 819 1
26351 4469 0
14491 4469 0
32333 2110 0
32335 2110 0
8164 18159 1
6519 11212 1
7592 25854 1
10504 14207 1
4107 8336 6
3620 121 0
18847 3087 1
13305 3814 1
18847 18267 6
16279 14261 1
2714 32385 8
28650 7935 0
15512 1326 2
32394 883 0
21961 32397 1
19894 32415 6
6417 10211 1
32419 2275 0
26283 4369 0
14311 13951 0
21433 351 0
10913 23462 1
31752 278 0
32447 1414 2
29190 19998 0
7557 3068 1
20315 10276 1
30250 7072 1
28987 14917 3
32472 2110 0
31879 1668 0
24712 1095 0
32486 5314 0
26578 9301 1
32487 27481 1
21443 2110 0
28680 3415 0
32488 11018 1
15816 278 0
15941 1668 1
7136 7135 1
22035 1380 0
13961 3006 0
15177 32506 4
3300 21162 1
7284 7283 1
11995 9352 6
18381 1973 0
8433 5394 0
7707 15877 0
14178 7715 9
8152 29442 1
21810 9817 4
16379 7143 0
30656 212 5
19562 4855 1
23767 3943 2
31121 2110 0
24534 18203 1
5983 3755 0
12542 4550 0
3936 2139 5
32577 4550 0
28695 278 0
2251 6107 0
2312 10532 0
11039 13003 0
342 26372 1
12859 9048 0
2657 2449 1
13091 2110 0
28361 32616 1
17262 351 0
5195 32623 1
32632 119 0
19998 12921 1
14361 18038 0
28000 2110 0
15639 239 0
8272 11492 0
4847 3579 0
3041 11884 9
32670 3943 2
26552 7945 0
1701 1690 1
9299 4550 0
17373 29442 1
13194 32699 0
32715 2275 0
17183 32716 1
32721 4550 0
13947 1380 0
25423 6166 5
19977 119 0
31999 3978 0
14579 6366 1
1088 12006 1
7589 239 0
4145 3233 1
13305 10327 1
5097 29641 1
20358 5394 0
20963 1690 1
12866 8978 0
2507 17446 9
18971 20288 2
819 4815 1
2035 23638 1
2949 9188 1
7695 7694 1
32831 278 0
201 1819 5
28312 30990 9
32625 1326 2
32842 985 5
12683 32849 1
11316 8754 1
32854 278 0
2709 351 0
25743 7117 1
1630 14737 0
1924 12720 0
24019 4663 0
13925 351 0
10030 10532 0
20126 6166 5
3229 1897 0
12263 278 0
17966 6166 5
11687 3712 1
3096 27375 4
26802 367 0
13958 17174 4
20476 12944 1
32957 16577 1
5878 3154 1
89 14407 1
32965 19316 1
11226 7589 1
14347 20076 1
17988 29554 0
9370 27654 1
8293 8582 0
30292 25398 1
11492 10417 0
33005 15656 0
9353 27014 1
3096 33009 4
1840 2110 0
33015 33016 1
16980 4547 0
1038 1880 0
11018 32488 1
33029 11492 0
8831 758 0
33048 7722 0
13192 16048 0
33060 4981 1
963 962 1
1203 8582 0
2381 33080 6
637 33082 8
3453 16247 1
3978 14064 1
2110 5198 0
302 11630 1
33103 24275 0
33107 6728 0
19066 33110 6
23637 14367 0
31292 18988 0
24504 2452 0
3072 15303 0
1076 25369 1
3703 19390 1
33128 4550 0
13530 13529 1
2167 16002 1
27194 32115 6
3350 21630 1
29849 18294 0
17984 3141 0
30618 18592 1
11424 13137 1
4981 1287 0
8359 1590 0
33182 33183 1
415 21513 1
23850 25942 0
33199 8285 5
12571 4522 0
5210 8407 1
27335 6765 1
26422 7636 3
29442 19245 0
5558 33233 1
15430 637 4
18173 20053 0
11884 7486 1
33245 6023 1
33246 33247 1
5363 6445 1
24534 2569 1
11332 20267 1
1933 2783 1
8140 11354 1
33274 2110 0
18437 4522 1
26122 33278 4
8097 9757 1
7043 2110 0
20465 3167 2
9873 19228 0
15799 32371 0
33307 10059 0
14167 6166 5
19716 1588 1
26127 3721 0
2924 33324 4
3251 3943 2
7751 2073 1
27359 6658 9
12729 4990 0
278 1929 0
6572 1819 5
18274 9757 0
11922 5167 5
33381 666 5
31319 2110 0
10073 12250 0
33392 3549 0
33393 351 0
33400 278 0
193 28640 6
6798 12273 2
33405 14461 1
33413 27450 4
6304 4550 0
11909 1444 0
33420 22182 1
1116 23468 1
18283 12312 1
10713 7603 4
1270 11039 1
17226 239 0
25504 2723 0
32397 21961 1
32741 3721 0
13056 1326 2
20191 3929 1
7877 1973 0
33095 5788 0
12232 33510 1
3048 204 1
2381 33511 6
28938 5407 5
12923 5203 1
30705 3620 2
604 21534 0
33533 1326 2
272 18961 6
5363 7240 0
14043 12250 5
4095 4094 1
19515 4550 0
33557 220 2
27202 26741 1
13268 1326 2
15517 14347 1
28287 1880 0
8065 3141 0
33570 3141 0
29920 14893 0
4990 3411 0
16648 220 0
4393 13954 1
4287 24275 0
6683 20413 0
617 33594 6
1222 16007 0
5205 3606 0
2381 10989 6
27243 5040 2
6672 5314 0
637 33602 8
354 265 0
1380 25293 1
1886 13958 4
10276 6310 1
21113 19257 5
637 25599 6
8503 17995 0
24748 1973 0
22779 1856 0
33640 13346 0
24299 3943 2
33647 3620 2
33661 10383 1
33663 2099 0
28403 278 0
3130 10147 1
17819 9 0
7694 361 1
1676 4779 1
33710 3721 0
18654 18538 1
3154 5878 1
32050 17345 0
415 18411 10
27583 11630 1
2035 33727 3
6561 1668 0
6358 7514 0
637 4503 8
3075 29184 1
4044 278 0
16573 33758 6
32945 5348 0
33760 3141 0
23760 2938 1
15873 11007 1
19845 14973 0
1122 13209 1
13042 666 5
10383 33661 1
27499 30635 1
13002 21601 0
2241 22210 0
2443 28619 1
20914 4475 5
33543 6559 0
25988 3978 0
19228 14369 1
7486 1536 1
12273 8477 0
33810 351 0
13073 6776 0
2084 2083 1
33817 5167 5
16176 2593 4
22007 2110 0
3233 12849 0
19190 654 1
29827 26551 1
6789 16918 1
10504 14916 6
33835 5167 0
33840 28738 1
25663 1365 0
28902 20544 1
1961 7078 1
33051 89 0
33846 17183 1
30615 22210 0
608 9217 0
30896 8837 0
28553 2624 0
20507 3103 1
16054 16053 1
1038 23158 4
436 33871 1
31206 3943 2
1474 17726 1
2269 32487 1
33886 542 0
10693 18098 1
9383 89 0
2364 33893 1
33894 8837 1
13878 16159 0
32014 11995 1
33916 1668 0
12466 5074 4
15107 24077 0
29021 15656 0
6171 32957 1
13785 33946 6
10319 20510 4
16054 26644 1
21992 17405 0
18592 24425 1
30321 5040 2
23380 4550 0
840 33961 6
27989 2404 5
20036 1415 1
11500 3806 6
33708 16573 0
985 29478 6
798 6658 1
34009 9668 0
17814 15492 0
15435 3169 0
22477 15681 1
16682 14055 0
16023 16022 1
34026 4550 0
21455 3721 0
5125 17080 0
9048 239 1
15432 8742 0
4697 1128 0
21185 2507 1
5567 14347 1
34056 5314 0
8332 12273 2
34059 351 0
33626 5300 0
6150 8222 1
7072 18175 1
20633 6996 1
14912 2533 3
15160 1668 0
13878 27863 1
12579 9302 1
3980 1474 1
32965 34077 0
4299 3276 5
10884 10883 1
26446 4532 1
2525 12273 2
17110 178 0
12853 1856 1
15866 31037 5
19570 19569 1
14236 26690 1
22873 22872 1
18076 26701 0
23761 6138 0
2256 2507 1
637 24776 6
387 34135 0
7791 89 0
34143 2110 0
19206 30681 1
28102 8346 5
6578 7486 1
30361 557 0
21653 19621 4
12921 13363 1
34155 14864 0
11513 34164 4
18933 8786 4
22876 9048 0
20109 2099 6
28335 3167 2
11995 34191 6
1852 1444 1
11500 6011 6
10360 6338 1
25012 18855 5
10967 10966 9
23212 1122 9
4990 24118 4
12201 1730 0
19357 6658 0
24652 34220 1
23870 33228 1
24372 351 0
4766 18085 1
16594 1474 0
13958 34259 4
2115 7722 1
19964 351 0
5193 5192 1
20284 39 0
34275 3141 0
18260 2110 0
19597 13365 1
3755 9611 0
33247 33246 1
24623 24622 1
963 11131 3
14540 2978 1
30812 28685 1
9754 769 1
23293 6411 0
7722 2115 1
10234 1819 5
11 12250 5
33337 7945 0
13370 34324 4
10532 13 3
34328 3067 0
1976 317 1
2727 4550 0
33014 666 5
12466 21947 4
17995 8890 9
3018 8448 1
10532 34370 3
3537 212 5
9606 3141 0
11291 34372 4
10059 4885 0
5535 9450 2
18448 3229 0
2723 3780 1
11573 2409 9
724 9142 1
10922 7741 1
8418 2110 0
1550 3453 1
19777 4469 1
1665 3755 0
3374 1668 0
29229 21987 0
3320 19479 0
18159 8164 1
4929 4241 4
28640 7593 6
25535 15656 0
7486 6065 1
9301 6916 1
1226 2388 4
2181 31648 8
34496 29217 0
3137 3136 1
16062 17987 1
4933 17020 1
12744 2723 0
18355 5881 1
9418 12168 0
12355 204 1
2168 16002 1
12921 20567 1
12545 10744 4
17183 33846 1
15638 2110 0
3577 17519 1
13371 12273 2
18695 5537 6
2729 16944 0
11286 3943 0
2097 604 1
6728 3996 1
23843 27194 0
12201 34574 4
112 5144 6
20097 22506 1
3579 7959 6
24906 14864 0
16022 16898 5
8641 17795 1
840 15515 8
14064 3978 1
34606 2110 0
13508 1380 0
9397 17814 1
23870 10883 1
25796 11630 9
11995 32030 6
7118 1819 5
32560 2110 0
18175 7072 1
26613 9459 1
34225 5125 0
33948 4550 0
10579 7143 0
24411 16655 5
19018 1668 0
27230 13443 2
2956 13749 4
4622 18633 1
6907 32275 0
18107 2938 0
14917 28987 3
8040 11893 0
18571 2110 0
5192 5298 3
12466 34701 4
10574 21031 6
4764 29140 1
34706 228 0
28613 3391 2
6658 7336 3
27014 9353 1
34725 21055 1
8407 28693 0
22631 119 0
10420 19070 0
18306 351 0
9558 13730 0
23552 5550 0
9964 23830 0
11624 8641 9
32902 17405 0
19214 2400 6
846 1365 0
14753 34777 1
34779 3606 0
34790 20641 0
21717 278 0
34792 11424 1
2714 6568 6
12684 22585 1
31357 1668 0
31460 2110 0
26372 342 1
24055 15932 0
25270 15170 1
5365 2275 0
9008 3006 0
2714 34818 6
23886 5861 1
4094 65 0
16884 14178 0
3969 1360 1
1531 34829 1
16344 351 0
19713 26283 1
25846 12921 1
7767 9720 1
10686 28680 1
19382 278 4
23941 3006 0
15799 21332 6
21031 3943 2
21378 5363 0
32615 351 0
34879 351 0
34889 1973 0
20914 26007 9
8407 10220 1
10285 27194 0
13612 13165 0
15799 34931 6
32727 2624 0
3289 19390 6
18192 1499 1
34939 8285 0
28238 16831 0
13378 39 0
33807 3579 0
20951 89 0
34951 119 0
12984 9757 1
12325 7592 1
26932 3620 2
32021 3978 0
7130 2973 1
21479 13951 0
1123 1122 9
2714 34977 6
7486 2368 1
31332 14540 2
9188 2949 1
5314 31818 1
11374 17995 1
13951 13637 1
28339 28417 1
18219 3072 9
17930 2404 5
3495 23068 0
4808 1326 2
21652 17930 2
35020 573 0
35021 4550 0
18027 12005 1
28679 4766 1
17666 7486 1
6935 6166 0
22029 3978 0
758 865 1
22320 916 2
6107 12623 1
30006 14540 2
33773 278 0
15492 5167 5
4513 2110 0
16176 39 0
8890 415 1
19145 4554 5
34522 278 0
26704 1929 0
204 14235 1
2956 292 0
24621 499 2
35088 1819 0
6637 3929 1
2507 21185 1
123 122 1
8387 2099 0
2783 1214 1
3943 9815 0
29445 7880 9
13259 2507 1
34443 18855 5
24473 12636 1
19596 2110 0
22477 24224 1
14385 1326 2
9142 12671 1
1668 3407 1
9415 607 1
204 17005 1
27912 1326 2
33405 35143 1
30362 8727 1
6491 351 0
35163 14893 0
27282 2275 0
24551 2275 0
3301 3300 1
35183 15264 0
28285 754 1
24332 351 0
3238 2275 0
9418 15869 1
8897 15918 1
9132 5974 9
34263 34399 0
11500 11252 6
35219 2723 0
8205 13238 1
30622 2393 4
11500 6997 6
15928 16346 0
13945 23552 1
3453 2531 0
22866 1675 3
2507 22108 1
15696 2110 0
29478 10486 0
2181 27739 6
18633 1285 1
13958 12839 4
12315 11235 3
840 35267 6
1421 9415 1
22107 12273 2
896 2556 0
35292 24094 0
20662 15866 1
29127 22210 0
2318 5110 1
35307 9317 0
17779 3606 0
10713 13805 4
35320 1444 0
10971 29179 1
30966 3943 2
21296 8023 1
26387 9415 0
1535 7486 1
34941 8511 2
17048 896 0
35372 5407 5
666 8688 0
6794 18446 1
35381 4550 0
11361 1675 3
16989 8591 1
3256 35390 1
3130 8309 1
508 12720 0
18294 4212 1
7589 20236 1
30913 15656 0
6728 7415 1
20857 23068 0
35412 15825 0
35413 2110 0
21808 22873 1
7516 10599 1
35425 21089 4
35431 278 0
22273 1326 2
3976 1945 0
7245 16512 1
6535 24636 1
3073 3072 1
35443 5407 5
35451 278 0
22333 89 0
35457 26678 6
9250 9684 0
15918 8897 1
15693 5363 0
28219 35466 1
15794 16624 9
21783 1880 0
16943 12516 1
11157 6607 1
211 1562 1
20463 3901 0
18987 212 5
2600 1562 1
35484 7514 0
35486 1973 0
35504 4550 0
21296 6696 1
26725 1973 0
11131 963 3
35514 1933 0
11074 11656 1
39 3410 0
20723 4663 0
33295 3229 0
16682 27260 1
35530 7668 1
4981 33060 1
2452 2821 1
11523 24409 0
26416 3538 0
35540 89 0
14189 35545 1
7048 10916 2
1122 239 0
20057 3943 2
6317 6316 1
24087 1380 0
10125 278 0
25129 3561 0
29362 18855 5
34652 6658 0
13137 11424 1
18951 1730 0
35587 25089 0
18711 17930 2
35599 12710 0
12454 14369 0
7516 3915 1
3410 73 5
18969 10966 1
35605 20641 0
10667 32487 1
35613 24055 1
6623 351 0
25626 3780 0
1475 1474 1
35620 35621 4
35624 351 0
35627 4701 5
17418 4132 0
24330 4663 0
35178 4550 0
13192 13547 1
14138 3567 0
21162 3300 1
20944 29999 0
13806 1380 0
34367 2604 0
10220 8407 1
10678 351 0
7328 16831 1
35674 5938 1
167 22965 1
29630 15078 0
15681 22477 1
12009 3453 0
18587 457 1
13958 39 0
3901 7890 1
6442 3041 0
25035 8285 0
16980 35703 1
18936 31742 4
1880 2518 0
637 35247 6
29372 8629 1
2657 20017 0
9276 11235 0
16260 16049 4
17460 685 3
2714 8214 6
21663 2110 0
10345 4522 1
2035 30756 3
35725 4550 0
29496 3068 0
11555 15497 0
19097 1474 0
7911 1333 1
33871 436 1
22785 33186 1
7865 12505 0
361 7694 1
35004 14001 4
16476 6166 5
29373 2275 0
15588 14064 1
35757 2099 0
2356 15292 1
1730 4990 0
18538 18654 1
35766 28333 0
163 35768 1
7754 17543 9
21185 6789 1
35770 4550 0
9171 3141 0
34009 33435 6
35777 3068 0
25140 2807 0
2381 21795 6
7087 7086 1
1961 9382 9
2084 35811 0
13372 3620 2
35819 2099 0
19321 12273 2
89 4494 1
10160 35839 1
7125 212 5
11182 7754 0
29442 8152 1
24830 1819 5
15480 122 0
31486 2275 0
18330 5125 2
35880 22777 1
34829 1531 1
12789 17345 0
11424 31795 1
11558 5314 0
29947 35900 1
9459 26613 1
11424 11423 1
35918 25341 1
22121 13498 4
863 14864 1
1679 1973 0
637 35932 6
19180 35934 6
3947 28678 1
27005 351 0
1270 1269 1
8768 34706 0
35944 121 2
30302 1856 0
35951 5314 0
14007 5974 1
15234 12866 0
19910 45 3
5788 35585 6
22477 29086 1
235 10713 4
26041 4288 1
14344 3943 2
7241 17249 1
3096 26227 4
4109 1326 2
2714 27217 6
10506 31801 4
35989 22902 0
21707 3041 9
34386 31312 0
6366 14579 1
22165 2758 1
1050 604 1
9268 35996 1
3709 17345 0
19618 2110 0
35998 1095 0
36001 3721 0
19214 33389 0
16059 5167 0
16271 2723 0
11630 25796 9
27907 27906 1
10102 4491 1
1550 29445 1
22383 5314 0
7731 22404 1
23854 9450 2
36029 23462 0
15427 20248 1
1993 1992 1
11630 19230 1
23518 1326 2
31158 3929 1
19597 13586 1
4049 18251 6
2724 5134 4
28056 5310 0
14577 1076 1
17311 622 0
16002 2489 1
1499 18192 1
33912 1326 2
3712 4528 1
33245 6708 1
2783 16398 1
32167 5167 5
21734 19976 4
36073 9684 0
8727 30362 1
7996 4546 1
19994 14904 6
36078 28742 0
6190 13702 1
7415 6728 1
14350 1326 2
8221 3167 2
31423 4550 0
21956 10253 0
7965 1365 1
4567 12250 5
604 20788 1
604 6201 1
25660 29857 1
27168 5144 1
7732 819 1
1992 2409 0
19330 2723 0
23300 5195 0
4668 5167 0
3408 36118 6
28577 14912 3
18173 30417 1
604 1050 1
25422 3068 0
3513 103 9
36129 278 0
637 618 6
26551 26550 1
7090 27060 4
28533 1961 0
21350 5167 1
3117 8582 1
10123 30925 1
25341 35918 1
26968 1856 0
13808 3721 0
36154 3762 0
24148 1668 0
28697 12905 1
3620 36167 0
18933 7229 4
12466 2336 4
10071 3068 0
6538 7945 0
12959 3132 1
615 35390 0
7486 6578 1
9217 13570 0
1890 15159 1
2724 2181 4
31195 36197 4
36198 26416 1
36200 612 0
36201 18464 4
36202 4990 0
6138 2021 0
12905 28697 1
5169 6374 1
1913 14468 6
14854 17919 4
23127 16732 1
16437 32525 1
33319 4554 5
17003 2275 6
31689 1326 2
36221 6107 1
12005 18027 1
24936 25194 0
2783 15644 1
11523 4218 1
36232 212 5
17005 204 1
415 8628 1
22214 18633 0
7288 8811 0
36243 8285 5
17971 1690 0
17891 278 0
25196 1326 2
20531 4550 0
2452 20047 1
22075 278 0
6794 25230 1
36255 33439 6
11656 8137 1
23981 15906 0
2507 2256 1
26428 5872 0
3014 22182 1
7514 608 0
13530 16633 0
2949 2948 1
33254 25942 0
7803 31426 1
30223 30222 1
20840 3141 0
21417 3549 0
15242 30763 6
11761 9639 1
22294 19437 1
3167 3166 1
36283 4227 0
17544 2139 5
5908 29091 0
6658 10910 1
26539 20417 0
24142 24141 1
24319 21753 1
2876 36303 1
5097 273 0
2181 8618 6
1066 6166 5
34600 1326 2
21810 17429 4
4477 11015 1
18633 4622 1
32957 6171 1
3684 12273 2
27067 6271 0
1226 32947 4
3409 12273 2
36336 2110 0
13800 6430 1
24133 119 0
24646 5643 1
36349 1326 2
14144 27447 1
4056 12921 0
178 8153 0
19323 278 0
34642 4550 0
26278 2375 0
27864 20413 0
36364 19257 0
8641 31342 9
29259 3141 0
1717 6330 3
9587 7945 0
26283 19713 1
33157 12273 2
3103 3263 0
22182 33420 1
14484 3991 0
3261 1675 3
36385 3167 2
18411 415 10
25964 4550 0
8242 1819 5
36397 11399 0
21810 21874 4
35627 19 1
16394 21253 0
2714 36408 6
22469 4132 0
9796 351 0
3976 13908 1
27519 1326 2
522 4393 1
30788 13829 3
17880 17879 1
3453 12867 1
15299 18538 0
11241 4990 0
3978 18737 9
819 14013 0
4990 12821 4
4542 15647 4
36436 278 0
840 17197 6
637 34867 8
12684 22584 1
27863 13878 1
5446 4990 0
31348 3755 1
36441 4550 0
19597 33352 0
6364 4921 1
32487 2269 1
16940 4550 0
20827 3041 0
13800 4442 0
10026 19562 1
16622 7731 0
18203 24534 1
36471 3141 0
1690 11673 1
36475 3068 0
11870 20097 1
15239 3387 0
23820 17574 6
36488 15378 0
11904 278 0
36491 20416 0
3863 13163 1
7741 10922 1
2529 23743 4
15639 31096 1
11253 1326 2
13346 14081 0
36506 1027 0
27484 19562 0
9781 351 0
20750 34924 4
36514 278 0
12541 666 5
13769 278 0
72 17405 0
2507 18688 1
33951 5167 5
10253 13751 6
3729 20172 1
11354 27268 1
1012 2035 1
7168 33970 1
20681 1668 0
8898 15918 1
25958 4663 1
17163 3141 0
19562 12523 1
17183 2918 0
36034 1973 0
29053 19187 1
15292 5378 1
27202 14394 1
1562 211 1
10319 31637 4
19417 351 0
35512 3141 0
60 36587 6
3978 6581 1
2469 28361 9
36605 351 0
1365 7965 1
31114 1880 4
8432 212 5
33577 15656 0
15436 2812 1
10670 1819 5
1690 14834 1
637 36622 8
12466 36624 4
5628 15703 7
35644 6095 5
36632 34383 1
30263 1856 0
34185 278 0
20856 7945 0
22133 36654 4
25276 1258 0
2399 16473 3
10506 15765 4
7489 12273 2
25523 666 5
36661 3323 0
3387 7217 1
21732 4550 0
14630 1973 0
5481 16956 1
28613 3873 1
29557 278 0
10713 21501 4
35530 6633 0
13829 13828 3
11657 11656 1
2443 1059 9
6996 20633 1
4399 2099 4
4664 4663 1
7589 5644 1
8217 9415 1
10848 5314 0
10420 12896 1
2714 30758 6
32287 3387 0
36730 1326 2
10211 20455 0
32228 119 0
8240 6142 0
1105 3229 0
13586 19597 1
31818 5314 1
799 15538 6
23983 5636 1
36761 30108 0
5433 7912 1
4990 73 5
13089 5192 1
36768 351 0
22798 18633 0
23980 11040 1
12606 1819 5
3947 8890 1
34865 13346 0
35117 9370 0
14853 9348 0
11354 8140 1
17202 2303 1
27220 3947 0
32962 6138 0
36789 15656 0
17960 36791 4
8243 12273 2
2443 9810 0
30832 23782 1
2927 622 0
7486 17666 1
15351 16655 0
18729 724 0
10864 1819 5
28675 28674 1
2902 23786 1
2783 15555 5
36828 1819 5
20015 1444 0
30513 9450 2
7947 21992 1
15072 351 0
17922 7945 0
36837 119 0
11995 14011 6
8019 2949 1
7707 9498 1
14834 1690 1
1226 1703 0
830 6728 1
1122 4651 1
14508 6316 0
36868 3943 2
25301 15159 1
8704 1326 2
27972 4469 0
36878 7288 1
8608 17987 3
415 8890 1
31937 2139 5
30820 2110 0
637 36906 6
23033 36661 1
31656 666 5
18951 36913 4
132 28506 8
10160 25493 1
36915 1326 2
36924 16002 0
23258 29630 6
5169 6879 1
3453 31080 1
31620 5631 3
28662 18573 1
15007 4766 1
7516 4261 1
16747 14912 1
1329 19910 9
13192 13191 1
637 36638 6
36951 34275 4
8673 2110 0
1536 7486 1
13569 3041 1
16355 5348 1
36963 1973 0
21619 35961 0
9143 9142 1
36972 220 0
11995 28975 6
29833 26678 0
33571 7694 1
14812 11178 1
28360 1668 0
30222 17523 0
30194 1981 5
29184 3075 1
27359 6658 0
36995 278 0
9648 2110 0
16765 8582 0
2943 27014 0
9348 7945 0
22585 12684 1
35095 1326 0
24117 1668 0
5644 7589 1
4469 2228 1
14534 3712 1
11424 17895 0
37013 27732 0
4558 2723 0
13530 13821 1
5706 12671 1
103 3513 9
2938 23760 1
16130 13080 1
1131 1880 0
2415 20944 1
37036 13545 0
885 1590 0
28490 278 0
37045 119 0
3780 2723 1
12815 1880 0
2181 19424 6
2282 22477 1
8285 2364 1
2199 24275 0
1475 19296 1
15058 89 0
22654 37068 1
7359 1961 0
35599 27563 1
16831 7328 1
13572 278 0
12247 896 0
23328 12006 1
14896 5195 0
17031 18855 5
8283 351 0
4985 16053 1
37079 119 0
35392 23830 0
35416 2110 0
36661 23033 1
20076 9048 0
25943 28902 1
31433 7749 6
7130 17558 1
29731 351 0
7869 14347 1
15906 19656 1
37105 3278 1
11015 28111 1
37118 278 0
8659 14065 0
9955 1326 2
1829 2110 0
3915 7516 1
29971 21055 0
21055 34725 1
2714 24720 6
3408 12273 6
13908 3976 1
2714 23152 6
35574 15656 0
30635 16090 0
20663 21217 6
15965 8322 1
803 25270 1
17012 17011 3
9102 955 2
28617 278 0
37173 284 0
3096 33851 4
21769 6166 5
8061 31247 0
9501 14261 3
11789 21753 9
37185 11565 1
32137 6138 0
7129 12273 2
10180 2110 0
13378 6336 4
19465 33871 0
20330 819 1
3929 16508 1
22509 5110 1
3563 2275 0
35514 6339 5
15462 22785 1
35466 28219 1
9470 3136 0
37217 2099 0
2714 37218 8
167 10868 1
840 37234 4
1913 36024 6
3888 6095 5
13002 12173 1
31795 11424 1
35967 2099 0
32505 2110 0
33186 22785 1
24622 32950 0
24687 3229 0
27304 1326 2
14699 20097 1
21810 36998 4
3402 18961 6
18617 10922 0
17830 37272 6
5244 3729 0
37277 351 0
1226 34196 4
2994 20944 1
25999 12912 0
5110 8389 1
7665 33553 4
2714 24488 8
19627 6166 5
6879 5169 1
28999 3387 0
22204 89 0
2714 32805 6
23457 1326 2
9684 127 0
13785 3742 0
6865 354 4
5241 5240 1
37318 3167 2
23138 24931 4
13958 8228 4
15588 31654 1
4921 11964 0
37324 739 0
2436 896 0
30757 32955 1
18414 1819 5
4120 9302 0
1226 15627 4
2714 24970 6
19210 3943 2
7847 20490 1
35584 2110 0
23870 2756 0
33233 5558 1
31635 666 5
26551 29827 1
24993 28472 1
4554 27617 6
7948 7947 1
2714 8382 6
11235 20681 9
10319 30678 4
754 28285 1
37384 16732 0
31405 2257 0
33067 22210 0
24298 19597 0
22903 4049 0
22873 25359 1
10383 1773 2
37400 18855 5
35202 9372 0
2368 7486 1
36036 8178 0
37284 5407 5
28361 2469 9
35328 31972 0
31981 278 0
30681 19206 1
17141 29971 9
1366 5241 1
10204 11298 0
36294 2099 0
17105 8094 1
37426 9048 0
36696 21113 0
18140 16573 0
3234 3233 1
12615 351 0
1690 37437 1
5927 1025 1
8367 3141 0
24347 4550 0
687 12273 2
28685 29886 1
2099 29488 1
37450 1326 2
15694 2139 5
31983 27655 6
22355 23114 9
1480 1380 0
37460 39 0
8040 12579 1
1690 2318 1
11235 37467 1
33332 278 0
22555 220 0
24055 35613 1
29106 1973 0
6245 36488 1
10253 5946 1
37496 351 0
6677 6676 1
25952 351 0
18291 212 5
2526 3620 2
25942 20208 0
37510 278 0
621 2064 5
37295 5167 5
13818 1326 2
20567 12921 1
8999 6916 1
10990 1380 0
34101 2110 0
5382 1326 2
163 3496 1
7794 3135 0
17250 9302 1
32583 666 5
34083 2110 0
22212 212 5
27487 10253 0
6708 33245 1
13974 3300 1
11354 30387 1
37553 1668 0
22182 3291 0
11995 27399 0
30781 1326 2
28262 14540 2
25793 6776 0
31832 10144 0
32793 666 5
26656 16944 0
7589 341 1
1038 32164 4
637 32660 6
34372 265 0
37577 9269 2
35429 1474 0
3978 15015 0
37441 27732 0
10504 741 2
9002 18098 0
28222 1406 0
2779 6845 1
26146 21055 0
6611 19296 1
32181 3068 0
32865 3198 1
22477 24676 1
8651 8650 1
34688 3141 0
6658 798 1
9498 7707 1
22546 351 0
22656 17927 6
4620 14292 1
6374 5169 1
18802 3006 0
290 19214 6
37624 2110 0
8262 1690 1
31105 2110 0
18098 31747 1
35425 296 0
212 18987 1
840 33549 8
87 12505 0
11116 18633 0
14212 11418 4
25433 1444 0
15799 37642 6
16564 1819 5
37652 1326 2
12717 12250 1
37662 351 0
1226 37665 4
15760 16471 0
6095 3276 0
37467 11235 1
17361 3387 0
840 37671 6
9 19206 1
17960 37676 4
9418 14945 1
6728 17796 1
36201 5772 0
10504 34578 4
16920 4550 0
33688 30717 0
7223 1668 0
8597 6913 0
26801 1326 2
12946 10925 1
9353 37696 1
24242 278 0
18028 8812 4
35466 37703 1
27260 16682 1
26551 7403 0
22771 4663 0
23830 2108 1
30060 1668 0
26097 23462 1
3461 9217 0
1226 37734 4
12201 6628 4
14369 19228 1
23196 89 0
22808 351 0
17345 5855 1
11958 89 0
23557 4663 0
4318 27959 6
1330 3549 0
10052 12273 2
2187 17826 1
27609 23462 1
28685 7030 0
1055 10360 1
2714 30191 6
12272 31376 6
18446 11039 1
5181 16005 0
4766 15007 1
13411 5097 0
17991 2611 1
22874 19190 1
17044 21749 1
13951 21726 1
2452 5289 1
35279 5314 0
10319 9982 4
30635 13436 0
8899 2375 0
27742 22873 0
2748 5892 0
204 10092 1
11350 351 0
12636 25975 1
28147 2110 0
1071 12273 2
2714 31546 6
5190 23511 4
3549 11239 0
33866 14973 0
8799 4534 0
18538 5631 1
4318 618 6
17987 8608 3
31653 2110 0
19429 5839 1
6717 2275 0
7754 9053 3
5495 5363 5
3866 18899 4
21810 7298 4
33848 278 0
19066 13632 6
12921 21374 1
511 5363 5
2139 11676 1
6879 29619 0
162 3976 1
4278 1444 0
13002 17762 1
20458 1326 2
3712 10001 1
9900 15606 1
21258 35891 1
35806 1668 0
1961 14741 1
10504 14206 4
37873 278 0
5463 27103 4
20656 16063 6
23312 278 0
3976 162 1
14363 7530 0
37880 278 0
9174 5407 5
35996 9268 1
37235 1326 2
10319 37885 4
6499 27625 0
18159 22565 1
6728 1285 1
21295 688 0
2302 1817 6
4809 12273 2
15469 122 1
4990 12313 4
2714 37898 6
15290 351 0
8095 8094 1
5740 351 0
11147 3167 2
34964 30194 0
15427 3187 1
8775 212 5
22802 1668 0
17991 11151 1
37926 34829 0
22099 3925 0
5709 2110 0
787 23035 4
21927 2723 0
33713 33688 0
27338 2110 0
25158 7086 1
1349 37929 6
32601 278 0
3978 25683 1
13962 23820 0
19316 32965 1
1668 15941 1
16944 20152 1
20768 35193 1
19720 89 0
5643 24646 1
14849 13002 0
7474 3712 0
37959 278 0
23351 17345 1
2322 1590 0
4299 22212 1
5630 31620 0
12201 21994 4
36671 9450 2
604 2097 1
1917 4469 0
10191 4550 0
20549 4469 0
18251 12841 1
12076 7192 0
29028 12273 2
26442 14540 2
35282 1326 2
16430 24275 6
8692 1326 2
28934 19508 1
18773 239 0
22076 7036 0
18011 9713 1
3169 15435 3
14940 5927 1
686 1326 2
7301 25140 0
8376 4550 0
1992 12469 1
896 13594 1
36560 4550 0
1590 7149 0
20643 11039 1
4937 17930 2
29383 3779 0
9303 6166 5
32687 20760 0
207 15639 1
16397 1933 1
2908 278 0
30597 278 0
9349 24570 1
11995 36119 6
11735 220 1
5639 4550 0
17179 963 1
37360 5839 0
35900 29947 1
30622 1314 4
22028 3978 0
19582 38033 0
34551 2139 5
3198 30852 1
29086 22477 1
637 38040 6
27682 1819 5
29059 17555 0
3984 2732 6
38050 27752 0
5144 13030 4
3453 17265 1
457 18587 1
17519 3577 1
4391 5927 1
34892 3620 2
26417 26416 1
35063 4550 0
637 30063 6
18836 3729 0
5203 228 0
2951 12636 1
31582 1819 5
26578 8999 1
8309 3130 1
26422 526 3
1285 6728 1
32 38094 4
24317 5407 5
306 1365 0
6171 5195 1
9768 18294 0
38104 3141 0
6204 1467 0
36998 278 0
28752 11761 1
2714 24003 8
11015 8826 0
7072 13390 1
758 4476 0
17074 351 0
20794 3068 0
24176 1602 1
4041 7645 4
29054 9415 0
36773 351 0
38136 15524 5
37874 278 0
18150 1668 0
6881 1590 0
35891 3765 0
20168 1380 9
23751 21810 4
1977 1976 1
27989 1646 2
6677 93 3
35797 3567 5
38151 914 5
6726 18592 3
7331 4146 9
4929 9865 4
8027 8026 1
2714 31873 8
12158 2574 1
31963 5097 0
37090 13346 0
38175 29520 1
11151 8837 0
21461 351 0
10270 15484 0
35333 5314 0
8632 7589 0
34009 15456 6
5892 10653 0
2723 3327 1
161 3976 0
30422 12250 5
3005 12076 1
4522 18437 1
2399 38200 3
22498 9415 0
6879 6373 1
8884 25766 1
8800 8799 1
1076 14538 1
38062 3943 2
10383 33823 8
22056 6728 1
19920 10532 1
38222 3167 2
19850 3929 0
10793 7589 1
26372 872 0
9986 1973 0
29827 21737 0
13443 3632 1
14973 586 0
31654 15588 1
4318 33070 6
24144 38241 4
23501 23500 1
38248 6763 0
3408 2381 6
2714 26030 6
8408 8407 1
25441 27014 0
20016 30007 4
21847 4663 0
425 10253 0
6530 11852 0
32238 1326 2
5167 4 5
2714 19098 6
18951 34141 4
9887 10276 1
14918 14917 3
948 26718 1
28417 12732 3
38033 914 5
1226 34209 4
2637 17405 0
12790 12273 2
19214 1609 6
6844 12866 0
637 38055 6
19206 9 1
19570 23479 0
4077 13370 4
8219 1668 0
13378 6188 4
8322 22297 1
29078 8641 0
15799 33816 6
1562 2600 1
5908 4050 1
23462 10913 1
37451 2110 0
1365 22953 0
38094 1929 0
8407 29197 1
15666 3978 0
14945 9418 1
32305 4550 0
2633 134 1
7098 1326 0
2929 12076 1
22534 38378 1
34306 15656 0
5457 28685 0
8095 22438 8
27094 11499 1
7688 23870 4
1691 351 0
24724 13299 1
2714 38256 8
26853 8511 2
13030 30007 6
17848 2275 0
36782 7722 0
17460 28417 3
30382 2099 0
2714 38413 6
26026 3135 0
7086 25158 1
11133 6374 1
37185 17450 0
7605 5690 0
23743 296 0
38433 14369 0
204 914 5
28361 4049 1
3141 1929 0
770 1590 0
26261 16668 0
35542 278 0
8389 1690 1
15837 25008 0
29205 2110 0
15370 1819 5
32665 2110 0
17622 2110 0
865 8803 1
38462 278 0
20679 2110 0
637 10068 8
14563 12312 1
29614 3969 0
36951 8447 0
38477 26678 0
9370 11008 0
13299 24724 1
17896 278 0
23407 351 0
11492 15089 1
32320 2922 3
1474 3980 1
32725 6138 0
20955 2110 0
35591 20641 0
2181 36377 6
29190 8211 1
33073 3620 2
13776 916 2
28578 6166 0
7998 8487 1
3167 4427 0
14494 14493 1
33039 8811 0
2569 24534 1
5558 2918 0
637 34030 6
31233 4227 0
26960 25129 0
1867 1819 5
5974 10654 9
12003 1590 0
17312 12273 2
3453 1550 1
8068 18729 8
4521 15760 1
31140 25999 1
34147 119 0
9960 178 0
38553 15219 1
30076 24095 1
19344 351 0
7985 621 4
26718 33302 0
5144 7184 4
10532 19920 1
28882 3567 5
13704 4550 0
6725 19317 1
18098 4666 1
15656 249 0
33970 7168 1
1668 17561 3
36018 1326 2
37213 13346 0
11039 1270 1
30622 3307 4
25683 3978 1
25211 1856 0
11153 8178 1
19910 1329 9
20924 1326 2
38596 25527 0
19649 9192 1
27524 3135 0
3044 7947 1
3198 32865 1
37105 3277 1
4484 11424 1
9908 24178 1
7594 18294 0
33123 119 0
790 2507 0
38612 19390 0
1008 8496 1
13860 351 0
8040 2749 1
36878 14498 0
2657 32546 6
8965 26122 4
3712 7259 1
38623 1317 1
22210 26976 1
4979 351 0
5772 4990 0
7907 10253 0
8582 2918 0
5241 1366 1
34641 22444 0
21630 37244 1
2164 38637 6
31568 9267 0
14347 7869 1
9142 300 1
37611 2110 0
13612 7650 1
17285 3233 1
4041 8336 4
38649 3005 0
5195 5541 0
1710 2723 0
18036 11881 0
19737 666 5
11199 3130 1
11002 3712 0
12888 5167 0
1387 3901 1
38667 3141 0
31477 3908 1
19681 10916 2
12996 37173 4
9855 12273 2
22295 22294 1
14407 89 1
16369 12720 0
25582 119 0
3929 6426 0
963 17179 1
38685 10916 2
10061 20760 0
34679 6107 0
25865 15588 1
10721 16186 4
38698 26587 0
20520 11361 1
38703 3141 0
22044 3161 0
38705 3455 0
22684 351 0
19801 5394 0
1226 34718 4
1226 14908 4
31115 6677 1
33402 2035 0
3580 3579 1
27767 6166 5
16628 2110 0
3331 7514 1
21626 12273 2
840 38726 8
37775 1326 2
17701 2110 0
38732 2556 0
14508 666 5
220 3779 0
3976 3975 1
36656 18592 1
3045 1444 0
17991 18315 1
22912 2275 0
23031 1590 0
23870 692 0
5241 31905 1
33675 2275 0
13336 9048 1
3255 89 0
164 163 1
18951 2178 4
1973 11192 0
5662 25140 0
7336 6658 0
28417 17460 3
9382 1961 9
12005 35998 1
18538 4610 1
11080 17519 1
26678 251 0
1515 9873 0
10910 6658 1
32000 1973 0
31832 6048 1
38085 2110 0
11247 1474 0
9415 1421 1
28706 351 0
27361 4550 0
25603 15656 0
15436 3833 0
9153 5706 1
28285 643 0
20885 22873 1
636 351 0
22793 212 5
7409 1076 1
24089 5407 5
22390 3300 0
17063 15062 1
2713 8336 6
19180 18924 6
16956 5481 1
13612 29197 1
24186 3721 0
10360 23235 1
38830 22210 0
34399 33650 0
13637 13951 1
1973 8432 1
9041 18592 3
1226 38258 4
15159 26508 1
7486 14934 1
7652 278 0
18159 7248 1
15535 278 0
31993 6776 0
38851 20170 0
19375 1973 0
25452 351 0
8580 2110 0
27545 2110 0
38856 20288 2
26370 13305 1
25660 11724 1
637 16604 6
6182 1973 0
17562 7694 0
5463 15488 4
15600 6529 0
23957 1076 0
6001 6166 5
23343 1326 0
16956 11794 1
31461 4550 0
6150 13895 1
637 32519 6
36937 38879 4
2574 2915 1
1961 2630 0
10902 351 0
12728 542 4
26102 5314 0
32585 9450 2
7746 5892 0
2181 10132 8
5966 5965 3
23527 23526 1
3300 9188 0
1226 38536 4
35966 5314 0
30824 6166 5
1603 1602 1
29442 17373 1
38906 15181 4
18778 34288 6
7911 6678 1
3929 25395 1
1187 3947 0
35311 19632 1
32525 16437 1
6506 12273 2
5882 278 0
5975 5974 1
38593 3620 2
3476 12273 2
5537 19835 0
2713 11500 6
18192 7465 6
15843 9217 0
38926 12876 1
2947 29445 1
11040 14849 0
24229 3141 0
896 1650 1
33984 12273 0
1920 36506 4
14636 122 1
11126 1668 0
7514 3331 1
20828 3567 5
35891 21258 1
8837 3116 1
26903 6354 0
6658 19357 3
23552 13945 1
26338 2110 0
37127 3006 0
4523 10408 0
20514 12921 1
4393 4392 1
5839 3779 0
2714 32032 8
7880 29445 9
26372 461 1
17820 17819 1
34070 278 0
2170 26283 6
3072 18219 9
16397 15644 1
22902 6556 6
965 4990 0
21448 9026 1
1074 2110 0
21702 5110 1
35083 3141 0
10504 37491 4
3527 10253 0
4430 7143 0
8336 32782 4
2945 203 0
12921 21075 1
1474 28638 0
38994 3141 0
23759 23758 9
28111 11015 1
8799 26368 1
16818 38732 1
1415 20036 1
840 31858 6
39001 39002 1
5946 10253 1
22773 137 6
16909 5167 5
19392 351 0
9900 6740 1
4584 8192 0
26213 2275 0
39019 621 0
15053 12636 1
4978 5125 2
29420 1444 0
3768 15062 1
354 28286 4
16732 23127 1
10383 39036 6
24469 10733 1
24590 5363 5
39044 16655 5
20644 7592 0
4146 20994 1
25815 1326 2
16928 13612 1
24597 7086 1
867 13785 6
4372 1668 0
18233 2783 1
7665 37861 4
840 18529 6
11672 8496 1
31777 1474 1
8838 8837 1
12312 26543 1
26835 1326 2
8496 11672 1
11230 25966 1
15472 15639 1
12876 38926 1
18452 278 0
12756 1326 2
10851 30839 1
9038 9037 1
34193 278 0
11027 6658 0
8137 19206 0
2546 5636 1
2050 28825 1
16683 16682 1
20768 2176 5
34288 5314 0
21628 9415 0
31921 278 0
9372 1796 0
11900 17930 2
34821 4550 0
18512 4132 0
12896 10420 1
31450 6776 1
39088 1406 0
39089 2110 0
20406 13163 1
23599 351 0
34383 36632 1
122 10988 1
32849 12683 1
20464 2110 0
39052 17555 0
36648 278 0
32037 9181 1
18722 15497 0
32357 8787 0
8778 5097 0
32607 2110 0
5600 119 0
4921 35857 1
9415 1166 9
8316 2110 0
16682 29801 1
22190 470 0
14178 14811 0
7636 26422 3
30241 20288 6
9026 2674 0
39120 13053 0
39122 22001 6
2812 15436 1
16397 9806 0
33246 140 0
7206 5745 0
31068 2110 0
5156 39128 6
3908 6612 1
39142 27683 1
20125 351 0
5974 14007 1
23228 1444 0
39144 38665 4
24477 5192 1
29917 1326 0
1675 22866 3
6884 12250 5
1076 14983 1
2739 3978 0
39152 2110 0
17756 7284 1
13450 3068 1
2643 10350 1
9372 3795 1
26508 15159 1
3018 23002 1
15165 1365 0
8853 5167 5
28611 4522 0
4990 5198 4
31416 1095 0
5192 28875 3
39181 28720 0
1461 7694 1
10319 34813 4
35201 39187 0
4238 17148 1
24570 20567 0
963 7094 0
36483 1326 2
23386 220 0
20927 1817 6
4423 27237 1
16956 6582 1
35646 3943 2
7362 36951 4
18577 4491 0
30548 4550 0
2181 7594 8
8094 17105 1
26729 27906 0
3721 1673 0
16974 39187 0
15899 29407 6
32885 37429 1
17607 3929 0
16422 11761 1
12932 12866 0
18294 8193 1
10327 23552 1
1076 18876 1
36207 1406 0
11762 11761 10
11625 9048 0
39229 542 0
3606 1917 0
4216 819 1
26846 278 0
35480 1326 2
2275 479 0
36442 22210 0
13916 1365 0
11523 11522 1
4117 7945 0
7850 39245 1
15035 5892 0
32633 6813 1
14441 3198 0
20097 9230 0
3726 351 0
29898 351 0
22873 5829 1
35857 4921 1
10504 32446 6
39262 13346 0
17610 27194 0
7504 29383 0
32715 14912 1
20226 30282 1
4222 5636 1
29207 4350 0
30131 1973 0
4221 5195 0
18951 34580 4
7323 31972 0
28678 415 1
38879 21 0
20417 7222 0
39280 35807 0
2611 17991 1
35839 10160 1
7522 12273 2
11695 278 0
21470 2110 0
16516 2574 0
12696 3680 1
2364 8285 1
33893 2364 1
4985 26644 1
1076 14577 1
2507 14167 0
637 10735 6
32488 14149 0
27100 351 0
39319 1378 0
26007 20914 9
2842 2275 0
39251 1973 0
19 35627 1
11332 17517 1
26276 3167 0
3929 20191 1
37299 1444 0
24652 24651 1
10040 10532 1
39340 10398 2
15644 16397 1
38323 22902 0
37034 3943 2
13097 1690 0
2739 1819 5
15799 39278 6
3519 4550 0
3993 8582 0
6542 6976 1
6708 1474 0
7761 3721 0
18406 2110 0
29609 5389 0
7486 29514 1
5463 29938 4
5443 13147 6
8589 2035 1
22559 3943 2
22918 25276 1
363 2624 0
27018 7589 0
29291 12005 1
18988 697 1
637 39377 6
11758 1444 0
6071 278 0
25660 33385 0
21992 7947 1
122 14636 1
19257 1981 0
7267 12505 0
5839 19429 1
11778 1444 0
193 19110 6
30886 1326 2
4305 30635 1
2600 212 5
4491 8270 1
3068 26992 1
24578 24577 1
38200 2399 3
1269 2674 0
6107 36221 1
3978 29436 1
17855 7751 0
23828 35390 0
37703 35466 1
9900 7817 0
24895 6316 1
1324 3721 0
32106 4491 1
29111 6728 0
35703 16980 1
34765 6204 0
37499 178 0
31695 2110 0
16956 17587 1
37696 9353 1
34220 24652 1
24117 212 5
5134 32954 8
3496 163 1
23872 18573 1
5456 1590 0
25183 1452 0
637 34662 6
39437 5407 5
33767 351 0
1431 36201 4
10599 7516 1
38403 30925 0
7072 13536 9
39122 21985 0
14493 37743 1
13895 6150 1
20590 1602 1
5288 16186 0
11262 22190 1
1817 64 0
2081 6789 1
637 27264 6
4929 15016 4
36693 15432 0
13555 1365 0
3991 3714 1
23638 2035 1
2714 33081 8
4861 38906 4
37048 2110 0
14912 164 1
28738 33840 1
28232 278 0
39472 23015 1
12127 3068 0
11262 24724 1
3972 15600 7
14861 7072 1
27612 20583 1
4469 19777 1
27917 290 5
4109 2381 6
32781 7911 0
39487 2110 0
31409 6788 0
38021 2110 0
3453 3452 1
32699 20462 6
25868 278 0
11212 6519 1
11500 12909 6
19180 32042 6
2181 30733 6
2783 11608 6
20621 239 0
9579 26856 0
2915 2574 1
32653 351 0
27180 2110 0
6890 7935 1
7920 1668 0
3240 278 0
4528 3712 1
15799 17860 6
32696 7722 0
35947 1365 0
38697 2110 0
6776 31450 1
2375 754 1
2507 17998 1
1407 1365 0
37804 25129 0
23073 3141 0
33139 6166 5
21257 24577 0
14519 351 0
37437 1690 1
8561 12273 2
37898 1326 2
27649 6166 5
11593 739 4
27064 1819 5
35523 9873 9
35357 28333 0
523 10574 6
27439 10211 0
8741 3978 1
3857 4697 1
840 32736 8
27478 18773 1
23887 12273 2
9691 19716 1
10319 32107 4
2099 14935 0
604 603 1
20258 5394 0
26088 15906 1
2714 36365 6
10574 4168 2
3521 13951 1
16473 2399 3
34009 35022 6
12492 212 5
3504 7168 1
20927 3549 0
33510 12232 1
15403 81 0
30489 7722 0
5443 25046 6
35740 8285 0
12671 5706 1
3004 3978 1
29867 4522 0
13829 4185 1
11259 2949 1
1913 1100 6
21753 11789 9
2783 18233 1
20832 4093 1
9267 9266 1
8822 2110 0
30672 1444 0
14292 33954 1
2643 1897 0
19716 1587 0
13159 666 6
10851 21245 0
4019 12273 2
21665 4764 1
24587 17930 2
2973 7130 1
16412 4554 5
6036 3929 0
28678 3947 1
14085 17867 1
2783 1054 1
2489 16002 1
5938 35674 1
29733 16573 0
7486 1535 1
27481 32487 1
3167 23443 1
37415 7036 0
9302 93 3
13527 14369 0
16919 6166 5
4393 522 1
10331 16831 1
16049 34827 4
9787 2723 1
6023 33245 1
7448 20641 0
17611 18633 0
25852 4103 0
31062 351 0
14305 1668 0
16357 17987 1
37760 3579 0
10202 11007 0
10020 2110 0
19718 3929 1
13738 4608 4
38250 11007 0
27917 23815 1
8081 278 0
8617 12273 2
38317 4132 0
17402 17401 1
29635 9450 2
18633 27975 1
6530 4653 1
12397 7514 4
24469 11632 9
37976 1326 2
1349 12273 2
1450 12921 1
8529 17988 0
16342 12273 2
28980 1668 0
7833 36078 1
37262 2139 5
31860 5363 1
4188 1562 0
35592 20641 0
27303 1590 0
12312 18283 1
15430 4318 4
24216 6166 5
25786 278 0
7130 14092 1
637 36332 8
5476 3552 0
39384 1819 5
230 10922 0
27970 3721 0
9860 1856 1
5167 1708 0
28091 6166 5
35317 542 0
39694 2110 0
542 5198 0
30645 5310 0
20375 10253 0
6166 2256 0
8789 12273 2
39700 4550 0
10713 24660 4
22917 6138 0
10319 22127 4
11424 4484 1
39713 51 0
11499 27094 1
16032 12273 2
3464 17405 1
39715 121 2
5195 6171 1
1452 6166 5
7589 11226 1
8389 5110 1
37260 1406 0
4010 819 1
637 7555 8
11971 7143 1
39323 1668 0
22319 4933 1
10319 39732 4
18773 27478 1
14671 10360 1
39733 278 0
3006 6951 1
21437 278 0
39265 3135 0
22966 1326 2
21554 39736 1
7204 4469 0
1049 4393 0
28440 26428 1
16247 3453 1
15675 3579 0
15120 2110 0
27052 2110 0
20483 24275 0
5110 21702 1
35671 2110 0
8138 39750 6
25349 27575 1
637 33783 6
12419 1326 2
6944 12270 1
2248 36878 0
30824 1819 5
560 5314 0
3135 4725 1
2697 29383 1
408 351 0
11435 39760 1
1735 666 5
527 3969 0
14189 31331 1
35593 1326 2
35514 15168 1
26223 3167 0
244 2110 0
3866 28289 4
28784 1326 2
1317 38623 1
32487 3048 0
1743 3976 0
2643 11856 1
10504 33089 6
10540 351 0
39706 1365 0
28037 351 0
13281 3943 6
9142 39727 1
23192 16073 4
17292 5314 0
26892 5125 2
2714 36986 6
20914 17476 1
32450 29185 6
7117 25988 0
2714 20517 4
11957 2110 0
16333 18538 0
23426 24275 0
212 12226 1
39790 137 1
13163 20406 1
39794 7945 0
23345 2275 0
24835 9684 0
39806 1981 5
1156 7284 1
13547 13192 1
35880 9678 0
5111 17478 0
819 4216 1
39255 2139 5
9586 3229 0
15439 1365 1
15700 278 0
35768 163 1
39105 15656 0
22108 6166 0
39819 119 0
1342 6166 5
26727 23138 4
39002 39695 0
30622 10286 4
16748 11239 0
20836 3929 1
3525 28643 0
20994 4146 1
22294 7540 0
1415 12513 1
30815 7935 1
26428 28440 1
39848 15656 0
103 6835 9
7754 9465 3
10654 5974 9
35618 12250 5
22257 278 0
37493 278 0
7168 28487 1
16617 2110 0
27163 7945 0
5951 3712 0
38644 15364 0
26905 1326 2
15159 25301 1
19206 29 0
22133 37093 4
9181 32037 1
39891 20097 1
22196 5167 0
7805 1668 0
39854 3567 5
22212 4299 1
9558 6032 1
16708 6637 0
9936 1326 2
4095 1973 0
19405 5407 5
31715 278 0
21838 23462 0
637 22942 8
13531 33182 0
18251 192 0
2545 30613 1
33524 3901 0
16573 30286 0
8391 278 0
38642 4550 0
18192 2183 2
28472 11638 0
2714 34079 6
31865 6776 0
9302 24517 1
11322 16944 0
5374 7945 0
23327 278 0
28102 8148 0
601 2110 0
38722 1326 2
18275 35390 0
1015 212 5
39440 5649 1
7 10160 0
26159 20413 0
32251 3141 0
39509 1590 0
9408 16346 1
27194 251 0
9465 7754 0
39942 3721 0
31390 2110 0
758 10107 1
11630 302 1
12250 73 0
5298 5192 3
39748 12250 5
15037 27732 0
637 21402 8
3866 24188 4
739 8571 1
4619 19257 0
11007 15873 1
30575 7751 0
32157 278 0
8837 33894 1
1913 1101 6
32799 1973 0
18446 6794 1
26052 1880 0
35410 19296 0
12005 29291 1
39981 21026 6
17843 212 5
3416 351 0
39983 21 0
16708 20704 6
24425 18592 1
16492 19296 0
1491 5097 0
39988 36228 1
233 1415 1
29896 2110 0
4870 351 0
37329 1562 0
36497 14973 0
12201 39084 4
6813 15174 1
6338 10360 1
1474 7558 1
4981 27911 1
19110 40006 6
7168 25151 1
21940 212 5
18937 5892 0
27893 40020 1
12992 18633 0
119 8308 6
2267 3387 0
37689 19597 0
40026 121 2
6835 103 9
40035 2099 0
4395 3549 0
1226 28197 4
26134 351 0
23714 3976 0
19910 8634 9
3828 4491 0
28909 1095 0
34336 178 0
38378 7277 0
36949 278 0
14328 2110 0
22382 5314 0
28220 20288 2
9181 31386 0
637 39003 6
4546 7996 1
15760 29875 0
36228 39988 1
37161 17405 0
26014 17345 0
1856 13285 1
20158 21253 0
33474 278 0
18592 30618 1
15288 40071 4
11995 25527 0
13199 5110 1
11995 32014 1
24528 4985 0
39576 3141 0
19688 278 0
7295 8582 0
7592 16016 0
5110 2318 1
32447 1167 6
4554 37813 6
10268 3729 1
34584 11399 0
11178 14085 1
38504 9268 2
16002 2167 1
30826 2566 0
32616 28361 1
6690 13002 1
25543 278 0
33520 1668 0
35389 9842 0
1973 3276 5
40099 11077 2
5463 5772 4
2366 3068 0
35620 265 0
15639 4844 1
6813 32633 1
17269 621 4
2965 9842 0
14347 15517 1
12671 9142 1
3712 11687 1
28637 351 0
34048 2110 0
3929 31158 1
26366 5363 5
40127 7502 0
40129 6281 0
13305 608 0
14529 18855 5
20633 31933 0
7996 15500 1
27398 8787 5
3978 4328 1
10229 1326 0
26613 10457 0
6330 1717 3
6047 2574 1
39727 5363 5
15799 39161 6
8651 26088 1
30849 220 2
25466 351 0
9048 9787 0
35608 4491 0
3273 24430 1
3300 17578 1
31405 26157 1
2714 30902 6
607 9415 1
10304 6794 1
23362 119 0
3096 34747 4
6916 8999 1
4563 10916 1
23782 30832 1
4921 17457 1
6944 6572 1
13250 5314 0
27752 29554 0
1661 9268 2
15359 1690 1
40175 11545 0
23696 7589 0
27971 19191 1
39365 17988 0
20982 1819 5
2659 284 0
9798 3929 0
33284 1326 2
3487 6316 0
10719 3901 0
18987 212 1
32878 5839 0
13453 1326 2
31832 36533 1
2714 38491 6
16142 16831 1
14212 23467 4
40073 1326 2
26548 351 0
10532 10040 1
37139 27322 1
8796 2110 0
32955 30757 1
4554 15945 0
3407 1668 1
23075 5363 5
28934 30493 0
737 8384 5
32064 2110 0
2768 18251 0
24438 1690 0
22477 20235 0
23820 15369 0
7762 4921 0
38541 278 0
33379 2723 0
34815 4550 0
37767 2110 0
20667 40260 4
6728 17121 1
5238 12273 2
19439 14912 3
39122 35640 6
8040 35122 1
1122 10873 1
14461 33405 1
10272 9370 1
19270 4550 0
37460 38867 4
18962 6765 1
12710 415 1
37864 1326 2
10987 953 0
10421 7516 1
12112 3072 9
998 10253 0
15046 1326 2
24556 278 0
31802 278 0
26690 14236 1
3929 20836 1
39128 25527 0
11157 26139 1
18993 1406 0
25572 1668 0
38611 1326 2
37179 11039 0
40045 40303 0
11656 8 1
24362 1819 5
36357 5839 0
12527 12720 0
38038 6776 0
20288 9747 0
38735 7036 0
28776 2110 0
29348 125 0
35122 8040 1
31569 3943 2
35008 1973 0
37762 6204 0
40316 1326 2
19190 26743 0
25513 12273 2
40325 119 0
8855 3552 1
26327 1222 0
27014 14221 1
32776 2110 0
6575 1380 0
3795 9372 1
20560 2375 0
37139 1668 0
7611 23830 1
7284 28821 0
31644 36488 0
16577 32957 1
5463 21 4
10409 14912 3
3017 17202 1
28902 7510 0
33708 6354 0
9181 1459 1
29803 16292 1
27975 18633 1
39032 2099 0
31606 10916 2
7743 6658 1
25207 34706 0
2449 2657 1
30925 2729 0
14890 278 0
2181 35782 6
39207 278 0
22627 1668 0
8771 1326 2
637 2579 8
38274 1326 2
1156 8651 0
5336 16668 0
38793 2732 0
9559 9558 1
1967 3167 1
15062 3768 1
17630 5069 1
39760 11435 1
37397 2139 5
6411 914 5
20985 15656 0
637 2183 2
8641 10563 0
13390 7072 1
40367 1326 2
26741 27202 1
1690 20963 1
25369 1076 1
14125 15736 9
29150 40383 4
20152 16944 1
7259 3712 1
2714 15143 6
13378 2726 4
16973 22477 1
1380 18796 1
6710 1562 6
35793 163 0
15242 18340 2
5358 4550 0
34431 351 0
22624 20641 0
16071 14493 1
40400 9720 0
22637 6788 0
6677 31115 1
5394 3276 5
16956 14631 1
40168 14864 0
6201 604 1
12394 351 0
33183 33182 1
39373 3721 0
7935 6890 1
14528 17988 0
3929 19718 1
202 1819 0
14917 21699 1
36828 6776 5
27654 9370 1
22044 13887 1
25293 9217 0
27720 14753 1
33346 5348 2
22873 25501 1
39814 2452 0
17455 1973 0
7774 2723 0
40436 1328 0
637 15645 6
40438 28675 4
18592 36656 1
40443 6752 0
13717 14812 0
15738 351 0
637 4690 8
11972 32391 1
22908 5839 0
23457 2181 6
9967 23552 0
5167 4939 6
8966 3410 0
13684 351 0
13044 1380 1
10052 31376 6
17969 26551 1
27792 2099 0
33281 2275 0
3552 8980 1
7996 35686 0
685 17460 3
36765 15264 0
2082 2507 1
6658 7743 1
14401 33182 0
23062 2176 5
30217 351 0
19893 1326 2
40465 610 0
39720 1973 0
29683 3072 0
17683 2404 5
36574 278 0
1819 12069 1
25610 9037 1
25617 1668 0
4107 7645 6
1789 7945 0
4007 2723 0
21300 19390 0
29207 17718 1
12790 20115 8
8040 8039 1
23701 23700 1
16068 22182 0
132 23795 8
2924 15656 4
26104 17930 2
2714 36778 8
12231 6166 5
35586 22210 0
31747 18098 1
30082 1326 2
33228 23870 1
29445 1677 0
4469 13956 1
14207 10504 1
28233 35880 0
865 758 1
12312 10095 1
5636 23983 1
22057 6728 0
30680 38175 10
13612 16928 1
1558 4469 0
18650 1668 0
13529 12720 0
31831 1444 0
18983 1819 5
22902 28978 1
11229 7245 1
5825 18538 0
10076 39002 6
17202 9351 1
33023 278 0
40518 573 0
21075 12921 1
3929 18475 1
2714 33619 6
39245 7850 1
7991 212 5
13829 16711 1
39983 38588 4
16736 7605 1
15588 27163 1
7078 1961 1
76 36255 4
5935 14853 1
35376 7514 0
18467 278 0
7606 7605 1
4444 3925 0
37581 278 0
5649 39440 1
29961 1668 0
2624 7248 4
28825 2050 1
6740 9900 1
17429 278 0
2643 7800 1
15705 2139 5
26122 5401 4
36951 31666 4
3154 1981 5
19404 10532 0
11932 1880 0
32886 27732 0
5769 1819 5
