67138
19441
6046
59920
15418
90974
72472
81840
93227
97419
103529
89777
9623
90436
34562
49471
102941
119226
98764
122165
59248
57447
122949
88168
83303
25781
89549
74602
51526
79310
107765
43661
20011
46744
112727
23024
8437
79967
34098
107839
101105
30692
31341
20954
103954
14006
100941
46452
77375
44570
27003
50447
29254
26142
58576
9590
75850
105381
122684
50286
8450
102409
25032
63823
25051
63686
42615
6767
22956
39360
107970
4366
24731
78063
7852
118929
71414
81573
55974
54496
18343
97199
59830
50679
92715
65412
17168
36986
82249
42136
44233
96094
70221
122940
84057
120740
77356
79628
74692
97292
40852
23604
33881
59732
47083
18493
88328
83903
46117
106325
83129
88082
94773
113711
23372
1423
13770
32496
49884
62613
106079
57822
68604
71360
5113
73469
108046
28300
83265
22688
119591
118456
91502
37636
50222
93246
14388
47108
88032
43159
98580
23226
91359
47013
108188
93036
65152
46256
72561
29961
36220
35759
61023
51147
30089
996
32311
474
91690
48380
54667
18646
68389
1025
44362
97129
73258
18685
9106
32829
103359
62464
27099
78211
33984
74099
40021
70516
26877
87516
36202
39926
4105
62574
73534
89608
117217
115471
18551
34679
85006
30665
99692
12177
65799
63818
70335
28375
116817
23645
98091
52899
64524
80759
60188
113320
35807
87141
118089
117550
54785
112605
32577
52724
94485
49601
114551
117678
102095
104010
44950
114469
38413
17264
120618
50789
120560
119257
5966
74452
25037
70389
57394
75895
30945
114976
22552
103662
104542
41487
80102
94738
45346
2236
66125
58409
102842
76429
45864
2415
5226
31564
13503
21528
37152
86764
119892
98189
27895
68835
91352
108820
23745
29453
44544
33068
49836
68191
17005
59174
80015
83016
63623
92978
121385
26176
56557
23470
75921
17774
111764
60582
76602
493
21160
80865
11482
85301
77549
5528
30170
6451
29612
57511
98483
102360
19198
56425
95909
18805
57567
51553
105649
87739
8680
3618
21747
38000
59350
35390
94047
37904
47062
26644
19373
106836
12131
14798
13736
76131
121717
112539
85548
19174
96910
82767
112947
22055
54765
71687
61989
8628
82126
109726
80641
36085
23010
76648
11932
48646
102769
43628
8921
56201
32488
11049
119241
98621
92154
115261
113695
80500
46990
12898
86921
103723
20833
48481
102523
40949
41294
64010
23069
87602
100559
5947
55685
72996
83297
101333
46014
84652
85426
71057
73218
93278
8188
18504
4935
66518
84483
106138
82220
52365
33094
44613
35057
17625
7309
23086
115812
4013
86942
12636
96679
48463
94763
48941
14899
22534
19177
35344
90868
105812
19223
75746
100445
26012
7881
77747
30176
112249
15432
100876
121403
6694
91026
62000
11449
32341
30688
13910
34416
105297
94525
77007
79254
6516
91163
7312
35432
107219
28633
38345
78906
19188
49697
117668
9162
69348
8271
32718
84348
54905
71015
58734
65807
55007
74389
16944
100121
78321
48533
58943
23994
121688
7197
89156
22875
8647
61997
99625
95277
104449
83694
112346
73987
33939
7421
103845
112914
18195
510
32098
104226
57103
7862
101527
64257
74441
80126
36941
87519
15044
92851
34452
98392
77061
65282
75404
23622
24037
33038
12020
95760
5739
3345
37568
75095
81931
54448
6749
52635
45982
17895
86044
92282
49281
82807
108972
68668
93630
65020
101601
24675
44563
83812
55492
59068
75602
8973
68048
46320
82556
99391
109344
101086
57376
26444
83368
40300
117742
25916
96518
10500
27353
118824
68200
30477
7045
47323
90889
114281
30842
60390
23299
68908
49446
87391
25101
96538
77952
59027
108983
107360
99367
12391
61533
35126
62103
49413
86611
48602
25678
38218
107944
105316
18847
40249
38421
115406
60536
8635
12315
41323
50960
37076
28935
105801
72880
27195
25514
60461
11109
35922
96961
47236
28824
32022
10768
77171
46782
25341
46982
8614
20864
50706
42770
27306
12560
87144
50935
73887
21376
21154
18638
32878
103279
49763
85959
99453
1019
99803
82827
81005
3899
1785
121483
120947
103054
26191
79739
51535
107503
12057
36385
70939
114343
6400
10193
57774
82960
21259
119715
109765
44040
67177
58960
46676
70419
42746
108963
92849
62377
166
97603
64573
64661
85389
111800
35373
121706
7430
113777
52755
99946
66250
110518
39019
77247
46049
55083
13073
79032
70297
118450
53895
16232
10282
95756
118486
9917
19315
39416
9349
87246
101449
54548
73422
6176
71121
58483
117708
43109
71242
107545
58028
22090
84504
50828
23182
84717
42588
117360
117417
76871
60106
76741
858
116387
4047
37948
25529
96247
17097
56789
32454
77071
70443
17445
19086
29387
60920
83075
108824
110124
117333
54252
96850
100813
92433
116615
105650
111598
44347
119824
101939
34849
30411
15739
83609
6891
84350
19652
85659
85772
90932
24621
85939
36567
108650
46216
47991
121908
19369
38980
417
4938
32985
108163
120717
7297
43893
93443
11490
11244
42928
119844
118715
58893
30455
17823
51829
17282
36728
119841
79431
32889
32719
32670
48654
60009
19709
104377
82943
114112
102951
116855
98224
73930
18754
52177
31911
78584
23606
30529
92401
49315
80455
