4075
3030
11179
2258
8002
3471
11149
724
9345
8617
11496
3533
6741
4504
10739
609
506
2016
750
3401
5200
7994
14395
13662
8541
10462
426
10288
5112
5793
5974
11778
12801
4446
8818
9961
155
5426
11391
6366
13822
11283
3327
3421
3449
845
4476
5631
11558
3345
2319
12093
8734
2651
3418
12226
4261
1920
5525
3087
3774
4142
399
363
3906
1225
3869
4211
4098
5026
1306
6727
9169
12980
733
7699
3446
10115
787
10091
12771
6736
13142
1483
13195
13723
380
537
4580
6700
11282
10261
4910
8289
10666
11613
1336
3507
7523
11895
9655
2529
1549
1686
8830
6749
425
12172
13118
2696
12117
2353
4697
1301
8283
9328
522
1781
3099
12259
3967
12248
5908
2632
4992
1315
1343
4252
7304
10769
12104
4002
249
4178
6828
10599
5682
2640
3572
7299
9390
11890
1473
12629
4624
5452
2876
5692
5723
7133
8892
13209
8248
3025
3954
2980
12366
6800
2939
3386
11797
10869
3458
2875
909
4895
236
9177
6456
13687
4425
2884
1307
2403
11442
1420
5521
6027
9927
3725
1259
11278
7489
9543
12178
441
11992
1129
2033
1693
12006
4597
12607
2622
5661
13938
9195
4347
6215
3623
7333
1938
4591
9110
6993
6165
19
12179
11291
8592
4738
9964
8327
8379
9487
12639
883
2687
3757
3959
9030
8984
3705
6336
2658
13382
1757
446
10044
6356
7156
12787
7019
2072
9045
10143
14275
6242
4537
6025
7763
5788
8981
9209
2830
4625
6503
2648
12428
6780
13761
4482
12825
6996
8242
7267
4265
7654
13520
8761
9178
1026
5741
3436
9042
2218
2539
1329
8430
13680
2538
9348
11052
7037
2107
7414
9481
7517
8790
1978
9347
6613
3938
3198
1849
10487
4137
381
4674
3549
5028
9391
5459
5279
6373
2008
7564
3150
2666
1037
6677
4077
1379
11553
12272
5851
559
12907
2853
10307
1595
13873
13948
12047
4642
13969
14298
2468
2560
6724
1995
7752
6183
11013
5946
6449
680
3306
10726
3120
12042
10809
8850
671
10026
8999
1927
7472
9903
10903
13037
5315
3848
1892
7452
7993
10167
6768
11181
12649
4975
3748
5725
103
8955
861
11813
2122
2509
11492
6748
5052
9552
5472
4688
6673
993
230
2746
13616
5424
13346
9540
12443
4359
919
7179
1056
7069
7007
8644
9272
800
8042
13363
8473
4883
5108
6054
11272
527
3567
5473
217
7662
10572
6124
3816
4695
9795
10003
1624
13841
1457
5233
13313
12903
8271
10427
8815
12328
2779
1657
7904
12986
5734
7569
10331
489
5359
1248
8016
5550
7325
7858
7850
10718
2143
2850
6729
7254
7779
8011
5069
8203
8870
13119
244
7552
8770
11055
3448
2667
9837
584
1047
2722
8076
3568
6607
6672
12675
4379
2448
12514
11059
8543
4431
4729
10743
7725
8828
12
2172
6527
10309
6676
8602
1294
4932
8789
11346
12398
9530
5568
3314
2906
4981
13074
13609
2243
1086
3044
3883
3460
5025
2346
5998
1338
6345
6389
7167
8442
10096
13813
13005
3442
8578
2706
8515
450
10099
10646
13575
12208
10691
4876
5540
13709
7826
942
1705
5120
5833
7750
8123
6680
4390
1761
4048
350
4236
7168
8348
7407
7694
4809
5582
8188
6572
3312
8459
5553
68
5422
13573
41
2401
13751
3344
5597
12199
2703
3455
2197
5080
1020
6042
4240
8726
2137
7112
1702
43
859
4513
3845
6838
2304
11466
5130
7394
10727
4152
7061
6809
11061
3416
3710
11336
5435
13490
5742
6453
4069
5921
12293
10264
9470
10803
9037
1438
11319
2127
4549
11281
4578
300
7012
1048
4409
583
4396
14478
418
3450
2194
12847
3535
219
1157
4134
8218
9416
1918
1936
4115
5794
2390
11177
3283
7558
8706
7465
4239
6714
670
8376
3860
9174
10593
10596
13883
4469
690
7841
3476
3846
13681
7648
9210
5673
755
10783
11517
8046
4284
8582
342
198
2941
1485
10495
3982
272
10974
3732
12644
5985
147
6876
1521
10249
226
4475
13994
1243
10129
4653
8109
13787
221
345
8542
12450
3192
5050
14474
416
798
944
7895
13565
4281
14210
10978
11076
9512
1273
1060
3454
4936
550
11145
10454
14198
5816
131
2625
12507
331
8065
918
9099
969
908
1393
1271
3844
10287
5101
6825
7118
3592
11320
12517
5494
8500
9409
13108
1582
6381
7656
8504
9527
509
5170
716
4339
6123
4459
9398
3402
3470
3136
369
14266
8824
13099
1888
5268
10141
6691
2148
4360
3724
2865
8043
5957
1712
650
13591
12953
5753
812
1305
1349
2306
7318
10697
1806
5000
2957
2921
7270
523
8530
9356
11222
3479
13498
9757
9798
4038
4783
7259
7910
12910
4120
6784
7475
14077
3107
10605
729
8404
501
4655
6148
9354
8779
10767
4800
10914
5276
471
4149
6562
10042
3675
10930
1105
1906
3759
5213
5675
10342
2615
5615
1753
3613
9424
105
1004
9517
2877
6022
9222
12782
5528
5795
630
5516
2007
6185
3742
11433
1814
1210
8410
281
12437
834
3095
3346
6337
7641
11566
3918
3064
1605
3912
5344
9196
2174
4202
4253
1045
8010
4791
8513
11686
8502
7378
8972
2482
6006
3661
12761
468
1440
5073
5752
2408
9119
658
9597
1687
5263
8100
7871
9224
10602
5740
13060
6857
1256
11876
4819
3937
9603
13012
4768
898
13487
11666
1597
10118
4245
9203
4916
3480
659
10017
7844
2618
11540
11807
9643
11989
9850
5678
4931
7574
8729
3196
1369
1996
12521
8064
8058
3380
11184
6493
7460
2084
6482
9541
2892
8038
12606
1655
2997
11170
6362
14007
8976
5530
2095
2553
1374
7842
9321
10871
9179
11571
2701
1146
4564
10187
11374
9759
13379
6089
5264
4130
6840
9804
9682
8209
8689
3004
9935
10626
10278
14455
6243
4493
8805
8402
580
1626
8816
10094
11455
13894
10927
8345
3105
12192
7846
10932
2044
6485
6311
10112
12594
13063
13009
5726
9154
2770
6635
4340
12254
11716
11140
7687
5901
5228
8867
3680
11108
5626
11991
11316
7010
13577
544
10312
8949
927
12636
11106
6573
8669
8361
5011
7560
9608
314
5057
1636
735
8747
13571
11910
7221
9047
7450
12556
10674
7207
8177
7056
9737
6592
1944
3419
6579
7485
8630
7287
7466
2364
7788
9061
3351
7619
