12626
2695
5733
8466
12418
220
5291
7168
1128
5640
3833
4665
8208
10370
11073
1247
2414
1197
12243
3706
5183
2121
813
4663
409
6627
9174
13455
8007
10070
1255
1295
1314
2468
9631
5744
12343
1914
11692
10390
9784
4445
2091
2270
2177
8919
3448
11805
214
4577
5530
2186
9179
3495
5502
4641
11664
12526
10724
1666
2559
6814
3175
2218
6027
7034
422
4854
4173
13664
12520
5960
6537
614
9480
2981
10098
1347
5105
1181
5933
5958
11315
916
2306
2400
2686
1581
5173
8967
9208
8996
7727
4051
7083
5842
3768
9598
3598
4096
11210
2573
9456
9836
10817
3692
2197
4474
1703
12113
7625
4429
5549
417
10481
697
14468
653
1641
7617
7653
7654
2810
364
13246
9916
4910
4707
8962
6899
12629
3730
12443
2753
10858
553
10533
8770
1252
7969
339
9392
5286
7891
893
7508
7276
10327
4539
7053
2513
2271
7901
6350
4068
12178
1539
1261
2948
76
4177
6802
5564
3351
4400
10555
14064
8432
2819
1409
2934
5795
2539
11271
3093
10380
10213
4718
4465
11751
6919
7378
13849
3106
1891
11455
6190
2172
5598
6790
13
6215
13213
935
616
9363
11101
12867
376
3022
5762
13938
1864
13308
917
3878
11787
9099
2648
2521
6164
9149
12075
12530
13843
3873
9623
14403
4000
5125
9725
127
4542
12587
3807
7737
6475
4456
14101
715
3061
11727
5631
6666
2385
1530
12262
3418
5498
11959
8314
8896
659
437
5124
869
10746
650
229
8676
5361
12177
3653
1560
9605
5140
7147
5957
4088
4604
2335
12073
9395
6376
11807
8791
8891
4213
5804
11184
438
782
10811
10926
2593
8505
7972
5699
1229
14137
389
6029
3368
3654
1677
6252
13205
10356
13141
13349
9788
4147
12741
276
10642
7858
13638
14034
13365
1310
2054
7227
8013
13298
11584
1143
6946
688
1484
9124
1501
8258
4843
11201
10460
5112
12936
4293
9136
3317
7793
4993
10264
5723
6195
5616
9939
627
9986
1937
5243
7988
5078
4602
1748
562
1315
8700
8933
1024
7423
8783
6173
1896
2740
3982
5097
2473
5627
3246
1627
6614
5811
11157
13352
14176
7918
9795
3791
5357
1361
7696
1275
10755
2061
1662
201
11222
11932
4752
8716
1030
14219
3537
13805
3430
7377
5438
4411
6683
9517
11371
10163
1452
5705
11715
865
340
4467
2479
12569
1262
7853
4610
232
5834
8143
3052
12230
11758
10287
11999
7450
12993
5802
11086
5540
7379
10539
1268
6389
5007
2412
5076
7783
9600
10099
7236
5174
5952
5951
9753
593
7285
7896
2283
12354
9188
3937
12261
6370
295
978
8586
1122
13647
12935
10815
6067
7392
10925
3854
4192
10402
8634
7314
9010
7008
6827
5982
8365
12247
3861
10772
1230
1292
2688
10757
9740
1697
7386
5013
3121
5453
8236
2758
11655
7556
4549
11062
1419
1551
13345
13273
7433
10808
10570
9296
7550
7791
7700
14008
7409
10812
11523
1934
366
14318
11124
5120
2980
6809
10821
1280
8849
10535
3167
3027
5547
4157
2259
3107
4519
14493
6606
3069
10764
9399
8271
13097
6386
1533
1455
10427
9945
2292
1011
3354
8447
13381
785
738
930
8364
11788
14310
12254
5833
6675
1717
6698
6545
3444
4218
1607
8372
11996
4863
5912
5579
9005
10568
6232
3800
6058
7994
8543
7838
8796
3433
7492
10132
3548
10286
5745
10856
4624
392
4269
5891
2816
4958
7069
6678
11324
14369
12792
9402
11089
11246
9196
13883
5413
11677
2967
9223
10363
6826
1599
4143
8860
6000
3066
8038
12047
3693
3446
2256
2433
12246
13049
13608
7390
3956
4959
9428
13852
7039
8805
9797
6077
2171
4583
12809
166
10108
9518
1594
12885
11337
7651
6222
523
433
5900
7198
4625
9789
4851
13474
83
111
11722
11860
8571
6674
1734
8515
7919
2839
4348
9019
452
1344
77
6183
4144
14231
11519
8433
7831
9075
7790
7002
12484
13575
8546
13885
7821
4459
12859
6882
3771
7563
10315
5220
5879
11428
10910
12179
3954
5492
10121
2530
7100
849
7231
8063
8640
4210
3154
857
6987
8740
6724
2951
7757
9226
303
1991
3213
10548
12461
2677
1701
8005
7780
9737
3529
7453
3420
1442
13899
4023
11485
4206
10628
10959
5659
271
9025
1802
2853
3380
12206
396
1909
4330
9856
13045
13407
3492
3602
12190
8822
5252
6543
13209
13648
8865
7030
2732
1998
10728
9014
1924
7686
7294
4651
5152
8551
13811
10846
8483
2817
7939
3895
3028
9839
8474
11052
11669
1387
249
5228
6493
3691
3958
1377
2747
4826
12184
9039
10239
11332
2538
6969
1476
8377
4071
4073
2699
305
2294
3519
2813
6380
6774
11971
4045
4660
13084
555
8230
7208
5338
747
3298
3572
7597
1309
4902
9481
6227
10335
6854
11662
2170
11264
9958
10317
2818
2269
6978
12142
5497
13216
7012
167
4148
13142
2698
2780
10063
112
2390
4199
1853
6022
8555
877
5004
7047
3283
11568
1371
701
1502
11628
13484
4955
9736
6004
14172
1256
9872
6198
13312
5743
3732
12900
13223
5730
4978
6489
9186
12271
10318
10619
7003
2246
10744
11630
7495
2603
13565
1596
2958
5974
6842
11552
13562
3279
9620
5130
5295
3276
8500
9792
3570
3758
11236
1678
1136
6347
9215
14004
9076
4404
11708
8746
1017
2016
11997
11095
2467
6700
3060
9197
10077
8925
4116
3613
7446
3632
4792
10396
1457
13995
8931
10235
14198
1164
844
10329
3254
11434
4115
8159
5748
9807
3660
8895
4341
8558
547
103
11173
6875
7925
5821
1613
7044
7089
8422
4559
5978
1862
2567
13950
535
12156
55
8173
56
289
9746
5701
12111
10917
3006
7500
6601
388
3594
96
5543
7099
9689
1676
12360
12791
4304
681
11260
6043
7412
9913
4914
1335
6268
13012
12535
3630
2480
8398
2365
12004
5929
10292
5901
1051
5293
9664
8348
1125
3132
4029
8291
9877
2650
11970
12120
6226
10118
2937
5059
2553
5318
2138
8297
280
8248
3600
9630
11681
5624
5534
6608
9029
5432
5984
11108
7074
2055
3284
3236
12820
3539
2914
8486
9957
12769
4468
795
42
486
3839
3212
4
13009
4140
10714
2663
6348
5714
4758
10359
13271
1052
1029
444
3923
2187
1391
8059
750
4546
6929
10484
6339
6580
1699
8389
9198
3425
3119
3345
14094
10461
11744
6100
11199
7954
2058
12565
1396
12339
9388
5507
11709
13807
14007
272
6325
12358
3809
2917
8468
175
5862
13594
10887
8078
827
6783
6490
5916
7368
12387
4777
2692
10399
11384
6864
1538
5931
10174
13922
8115
63
1269
12214
10564
8370
12208
798
2890
8148
7534
2724
8838
9314
1661
4117
5608
1348
10082
12895
1400
9555
9225
1076
10322
1820
3737
3609
11291
13496
10072
9993
5537
102
6819
10988
6069
9283
8347
6813
14098
11525
4336
5884
2032
11368
12925
9500
2906
7715
9160
9813
1109
3087
2068
4657
12573
7680
648
676
2208
13766
1131
3259
14208
10334
9066
618
124
10577
10632
2370
1478
7090
5058
3700
10449
9154
1311
10981
6979
7826
924
12634
12060
6063
976
11779
7603
4276
3853
13986
4994
3888
723
367
7762
11369
1323
7764
2290
1274
3331
4335
12492
3667
8150
12336
5373
6010
1355
10311
160
13734
6293
469
6810
13510
4369
1559
3413
3176
2845
5995
5571
957
5495
4282
9187
10143
11811
6983
6876
4951
7755
6958
8263
10003
10618
146
1836
12242
1975
5139
8107
13020
2110
2606
12522
9150
1090
1281
13361
6938
8957
7251
1362
6355
2083
9977
2971
1556
868
9931
6297
2320
8292
5817
3917
6037
8346
1434
5111
11205
5320
8326
12124
9847
11622
9576
9581
10313
1628
2715
6278
5613
11808
4424
11132
2279
1244
10826
4347
2993
9505
4543
5088
7315
10747
8441
2231
11882
186
7145
5938
3053
6121
3203
13589
11917
9245
1724
6071
1121
6719
1887
1249
3875
4920
7142
12568
1670
6161
12469
493
7415
11288
6185
11279
12101
6634
1394
8904
9009
2017
344
9272
4528
12036
4211
1625
6305
11218
3774
6637
3760
2199
3064
4823
2812
6423
3179
1527
2376
4668
11067
5785
1213
11612
10626
4766
6483
2314
8779
13858
2265
10587
3140
338
3842
1916
307
3024
5008
13085
12855
2896
1929
13165
3553
7889
10237
6717
12104
10561
1569
13528
458
10362
777
838
2880
4833
11992
2544
10869
7246
3493
2202
2529
2070
1969
11753
11697
8008
13552
8023
7201
9953
6023
11814
694
4755
12605
2092
10489
12591
8617
11181
7435
606
5757
9047
4132
7540
763
4601
298
651
8163
2137
3105
9199
8047
9806
7265
3005
2770
4674
10249
6494
427
10181
11607
8683
11153
6820
8760
7301
12873
963
10566
824
5703
4168
7347
7834
1212
3541
6511
3939
2291
3373
518
9545
11750
2316
530
2630
5033
9463
3304
1930
6796
538
12933
7689
11977
2069
4158
9915
69
2795
3748
6773
11422
14474
4888
13030
8661
4149
3169
6694
4431
8765
1727
9723
3428
2878
1564
10497
4686
8725
6503
8897
11696
10603
3904
13450
1195
5738
2558
12649
3215
8179
8123
12454
10482
309
977
10825
8122
5696
245
10866
8715
1302
66
2389
6013
8273
5724
4988
5754
4866
6707
10936
2899
5990
4930
2846
13099
11192
86
3384
9816
800
7638
9351
6049
8935
9227
10840
14166
3974
11040
5477
10341
12946
2419
10552
3479
1460
1013
14478
3957
7511
3575
4075
12192
13397
4070
3593
5513
4720
1267
4597
13498
10505
11451
2118
6065
8557
12381
7599
10495
6119
6949
3130
8496
2358
3729
752
1410
12299
1173
5196
10597
8368
11249
5115
4024
14386
11623
1948
1168
12566
9564
12331
5414
5704
4780
1819
8289
9828
10005
9020
3840
3188
1665
3916
4497
4333
6008
6267
8591
7959
5538
12600
1999
12062
14174
13700
9483
5812
4152
4036
11885
5816
6424
3068
10217
11910
2097
9385
2391
382
5727
5398
5732
9316
8272
6072
6961
3717
8380
3401
6984
1588
8287
8710
5241
8593
8831
11240
10880
3135
6083
10596
9117
4021
881
4858
4653
6473
8420
3371
8247
8666
3012
3999
9011
8491
12987
8603
4861
13035
6369
2214
1407
2655
3856
1761
11142
7691
10069
8322
2397
10519
1001
7910
1395
5890
10354
5448
3300
2471
11937
775
1709
2085
11890
4128
4809
7155
5165
474
11336
3635
3942
7179
3471
11244
3141
14060
5603
1845
2804
10091
11179
11198
12496
3018
5839
2157
3909
10297
6825
4793
8044
11856
5189
7591
959
876
11180
2642
5070
13011
10166
8169
3023
3838
12580
1813
13436
11815
12455
3165
595
9027
8595
9380
11822
5390
6673
13541
9798
2687
12815
4664
12903
2640
10705
1731
2324
12129
12435
259
478
8411
1832
9572
4452
12304
13337
6777
3644
1946
10531
8460
1912
8727
8489
12088
9869
5265
3884
8129
5715
11188
5486
4862
5853
1420
4922
7687
12093
6140
10416
1106
746
4776
7
909
2710
3248
11636
11646
4953
12890
7157
12517
7768
7259
11154
302
5403
1327
2102
7803
610
9853
8959
4119
416
4442
3616
7982
12667
13056
3282
12154
8244
8724
10282
8405
8949
6193
5180
13680
9142
1747
1444
6018
3280
4991
4883
12917
7527
9499
4162
6534
3376
2765
13577
4388
5468
2101
3767
1795
9305
13454
11866
8352
11718
5941
10226
13357
8847
7490
3723
25
945
351
11283
7133
655
3705
1516
954
2524
11947
3846
8452
10668
8943
50
10154
12824
1830
3724
8969
10394
12834
10469
7822
2822
9862
2282
2124
1073
6365
3867
10713
12797
9135
2036
4979
2996
3989
14308
5057
1766
12483
780
3290
2519
1475
3149
12921
9504
1486
1667
10271
8912
2669
8517
6931
5020
7749
2499
7309
1492
4418
680
9975
4142
4103
5940
13122
327
786
2224
2970
5339
10765
5921
826
7188
13409
5985
7494
7870
11069
10205
9954
5770
7241
4065
5213
2696
2315
2660
11226
12021
12780
519
4250
4571
5086
426
3031
12163
243
6925
1147
7220
357
4797
11842
1415
5011
6382
8601
13855
10654
8177
922
188
6974
2746
2679
2448
8673
4606
1266
8968
9393
3083
6020
12606
7261
11969
2849
12384
12778
8956
13810
11550
5435
12324
3659
230
6891
8072
5182
10994
14267
10194
1500
1643
9837
971
4886
21
5026
10634
2205
6172
4737
1
6635
500
2784
2953
9287
12420
11397
12861
7383
9292
4538
227
8300
6538
7552
1228
4824
12458
9534
6716
6026
7299
1650
4689
7538
9768
4565
8632
7761
13787
6385
10265
3216
9699
11401
11957
699
4281
3520
4351
