19441
39352
37844
87141
98152
39151
101939
71057
105536
33038
12131
52365
20111
68604
122468
16797
77311
73328
60009
15739
37570
106729
17557
79254
28348
85712
46782
21327
71360
23729
33117
31419
76765
12315
87516
8188
46117
39698
75850
108824
59781
84356
88473
115917
74934
120740
18549
99195
77171
69348
4938
19174
117678
12898
114429
22625
7312
85939
80293
33068
119710
32829
29831
111950
25678
21782
26244
113320
73887
117137
46014
86520
98978
48646
22619
119241
34452
75404
79491
18493
52575
69686
90725
97419
88546
32341
111679
55007
102523
63253
22692
79310
77356
111648
81598
114129
6176
9041
88295
24653
76871
59920
59248
19047
118929
104377
121403
73257
65140
104425
10597
10527
12177
103100
112077
11660
53545
95277
46744
114096
90454
17823
21077
92401
27157
31095
32889
105381
95756
24675
9590
44107
29693
66250
120560
36115
58294
102360
81113
41631
45982
46884
26158
58943
101458
22093
83265
21259
24441
111226
111634
23710
32980
58734
70115
65799
108354
39926
50828
105801
90463
37275
19198
57781
93278
38593
118923
116885
13910
56457
17168
32878
5226
91491
77247
79628
55992
6872
38000
62000
7032
48481
89549
101086
41609
48012
93036
69293
33939
9967
1784
26142
16232
8921
72049
67401
12020
32262
84652
49763
28300
47323
50447
37827
86766
8508
49315
43084
106079
57567
43961
4008
105316
89608
109954
50706
22552
28824
77061
71687
49601
7045
14483
49697
92264
119844
113695
42773
98755
65282
92282
17774
4175
53895
91565
40300
88502
8614
93410
76648
70221
81573
54794
118202
91584
80500
23589
81771
102769
30529
87399
50377
11049
23622
95760
114551
36955
5819
10882
97651
38980
55685
70001
36202
105596
2236
66125
51535
31297
25529
36385
73930
14229
111802
11055
18805
93502
90932
117920
45900
49726
52245
70297
26176
27275
40623
104329
40852
21160
22592
57201
101601
97021
22115
98189
6046
18343
98091
54448
61989
35390
63686
7852
31341
34095
100876
5996
57272
19177
75895
34310
28375
89777
24099
83075
21154
55974
82767
70419
116456
22956
107219
54131
100445
15818
47380
72880
36093
82943
26250
5953
57117
32311
2597
79280
48463
27895
86921
103723
52899
119931
102951
23024
36728
56000
21528
65807
83694
72474
64573
77540
60461
49446
59732
47375
121897
72996
16305
52550
56085
74250
58483
11449
105063
13503
6855
107944
29886
23226
64524
30665
71962
56425
105957
106750
7984
50781
121688
62431
10768
17282
20011
417
77952
11244
103054
13080
97621
40821
42774
8353
48742
58960
34364
84348
4156
82063
72205
16576
18646
105812
17895
36986
72562
12548
23010
119841
32985
34956
109935
58972
113099
78696
86044
71414
47115
27195
47013
60536
8682
111397
54667
90891
92021
51609
107299
106836
26444
13283
84465
18754
30089
82556
53205
113711
17156
97199
30314
9917
87391
75602
65720
90868
31105
119257
119602
104449
70443
68299
32098
100679
27274
4935
39360
34849
9554
23304
11932
3737
4047
85772
12391
63296
17445
54252
122536
61767
91547
33881
45346
44563
75871
59068
78211
59174
80759
76602
49391
115406
97245
102409
13870
52669
55287
73534
44362
85040
38218
99625
121647
61533
65412
106744
100037
54905
33984
98392
12947
76925
73319
120963
7197
75746
24621
118824
93227
14798
30945
39937
83807
81975
22055
8635
101105
63695
28303
57103
49281
23069
17264
24257
9106
39159
22654
23426
96910
71121
120256
107839
15432
38254
8647
115812
57376
24270
43094
71265
77071
52039
19369
74389
35432
83016
115261
83197
78063
1423
11591
10397
32577
18847
98580
35922
3486
35373
6516
104041
108073
96247
121908
85510
114179
57822
510
40556
92849
83812
94252
68908
45864
22778
44040
25638
104226
15418
114469
59350
4124
119892
93476
87519
93630
28633
1019
23266
21463
44652
113378
4869
858
80641
96538
117417
52616
112947
62537
18209
34679
41664
105771
34098
103217
115872
107765
48983
69719
64658
84218
64010
50935
84717
8450
87246
36979
4963
55492
37636
52971
118747
79739
20602
104359
42928
95909
48941
31022
106556
118456
10249
49723
63818
7287
46049
116387
7309
24731
52177
2
49471
36692
5906
984
66438
70968
1051
12583
40949
65020
29943
13266
106960
7862
83368
47062
90889
76741
80102
7430
94773
14006
117668
111800
46332
77688
102095
95736
114343
23645
44840
94657
59503
37152
119287
117550
35125
7297
57447
36231
109344
52764
81840
76268
1588
89323
93647
92851
87739
61281
35126
38349
90503
21376
102977
24562
493
68835
52603
34577
41294
46982
1349
18551
519
1147
93859
93711
67138
101333
1025
73258
59027
8973
14653
60236
58307
118715
80882
23182
10193
166
77549
33191
42799
8902
85006
12705
118019
68094
23606
102024
8437
79268
42588
12884
87602
60390
6891
46452
9511
50222
36085
32670
17097
72472
8187
57250
110108
51381
118450
74887
38266
76660
11118
85426
114112
71973
7691
44076
91145
46256
48380
75095
119824
30455
121717
96181
77007
29254
89887
66518
110518
42746
65249
18254
61023
28935
30882
68132
72561
100807
42615
58409
105297
23906
37445
89983
25621
120072
9681
50561
118059
44963
92878
41487
81005
69739
9349
96955
91110
34198
60832
81673
97292
118486
120947
103359
110216
11108
86774
99402
98764
23372
82960
49884
70939
101170
46320
54512
113614
74441
115667
115262
64661
76106
47108
93202
119040
20833
26877
94763
122940
7421
32823
43851
25341
34959
60582
7191
83303
116589
96679
97611
99946
30688
94422
33833
21989
39354
40249
79431
91502
60920
20864
69410
19872
97603
82660
49836
12560
90494
73987
111598
105649
9017
42107
121706
91272
35344
12057
20873
118215
17625
82348
115121
117071
20990
105288
41138
6476
63309
48275
27559
22688
120717
34416
51855
65347
108188
30842
32784
108614
73100
58028
6025
105295
47615
12636
9036
32022
4690
29194
62613
122465
87261
50933
25514
10282
86764
85447
44069
19873
96610
29453
93636
87189
25916
96518
88486
23994
1800
37951
50960
94047
37496
118089
83226
79032
75446
92040
120618
40021
95762
51553
99453
78906
106187
2537
49730
92154
39019
47236
23604
93246
57511
15563
45768
80015
26191
36220
38413
72436
22090
78584
21747
76656
44613
75638
98748
92683
38312
58576
11482
92774
116615
89266
117708
58760
35759
117333
5947
58893
11120
50470
24431
56201
122165
107968
87265
11857
5304
57598
72059
116754
43893
65152
69904
47083
33604
116317
60188
27567
107440
98483
88168
90918
68334
97156
79273
150
27353
6767
82220
37620
27099
55083
96078
89363
112249
65603
19086
45508
14899
85301
48654
28342
67177
108972
43661
83297
109765
61465
84856
13233
11043
46839
61735
39416
90436
29961
3853
104820
85389
96961
116040
54548
8680
44570
68200
99803
4366
38928
57164
100724
97129
36434
36002
78321
11109
113777
82249
117360
81931
108983
37415
103954
50286
92978
13989
65899
9547
4114
87144
91352
50451
120983
18685
89183
56210
121483
76131
101449
41955
109511
101527
4289
68668
63623
53868
70993
96367
25781
19814
6451
97941
70335
32085
117217
88328
59905
119941
84504
72853
3618
26672
91690
46990
91163
61352
27003
64422
89818
84085
62204
64257
47991
41167
22534
14388
70516
51359
107503
61106
75092
96094
108785
104619
43109
112914
57394
63823
44950
97289
44347
13073
44510
79100
19188
46676
106325
114976
86611
61762
37904
100813
106527
99692
95420
78847
49743
44709
13736
122949
117742
80865
53813
32454
23299
2415
108820
68048
92433
996
26644
18638
115753
814
8271
113840
70389
28977
44544
4013
50679
73540
89156
109613
88032
36567
112605
114340
120474
122197
62377
36941
35057
77157
108650
73741
12338
67924
93443
115185
31564
106795
102941
85959
110124
76429
57774
122739
30411
7771
74099
21343
73899
105338
61997
23086
111246
107502
5113
62574
53995
51526
35807
73422
54496
10500
54862
15363
35325
18195
24272
22057
5528
60635
29387
38800
57213
29612
121740
18381
25032
30170
27873
18943
6239
64822
60490
95786
11887
48602
42770
85437
92481
38421
77747
26012
68191
19362
104010
46803
9162
118751
43594
88027
123008
85659
64057
102705
56875
48533
112814
119504
3708
1785
62850
70449
43628
39387
59830
36001
46216
50789
62464
68389
17459
99367
3946
80126
77375
32062
9092
108046
27396
54373
122572
5739
60106
75837
50980
84350
11031
115471
74501
51614
34562
54435
121802
19709
41877
103266
114384
45814
32496
51829
86942
85548
64192
108223
62103
17012
84821
96663
84783
71242
103279
24162
6749
39271
51147
12963
51315
6119
107970
109726
116920
32488
13828
5443
44233
108007
17005
59213
73938
83903
25051
93420
118339
98621
18004
90974
11490
121296
103529
6400
3899
21871
74602
82231
38345
19117
49669
52755
9986
88433
119226
116225
24985
79967
20954
122684
101535
19223
112346
73218
30176
111764
474
37948
13518
6694
38366
117049
27306
40100
22875
38435
52724
74692
24037
19652
57092
41323
71015
83609
102842
37568
96193
98224
5867
74452
22448
40648
85976
105650
32719
66485
32718
41164
108963
7881
103662
82827
99391
90509
80455
92715
61808
121385
100559
33094
54785
18504
107545
107767
8628
23470
46813
119715
103853
93174
16236
23075
877
94525
25037
76206
19315
8846
108163
29452
99613
70484
94738
96861
56789
14007
84483
30692
73469
107360
117183
82126
114281
77190
106138
84057
119591
78010
31911
116855
24380
3345
85265
27976
22888
43159
88082
14753
83129
68789
24571
119292
69285
21187
91359
98419
67157
25101
5966
104542
16944
54483
82807
49413
27502
94485
66513
54765
19373
15044
23745
100941
42136
101525
52635
112539
4105
112727
108542
59069
110740
9623
61868
91026
8787
89812
37076
103471
100121
111455
114544
109484
87461
103845
96850
30477
91455
66153
116817
56557
13770
